3875741852390089
3877646519361625
3875367053817140
3875179190651283
3875629127136017
3879874932187363
3884146768278052
3875311944941202
3875676056337734
3921034606239046
4007798368412986
3886570988099270
3879383909072491
3875729168870651
3885254743662609
3879691268266766
3877518325063697
3875474096735085
3962122029559925
3879899045902704
3875445973756942
3884965282215340
3922175558331500
3875201714299046
3887657690455321
3882906080486325
3875419273017028
3875532397782305
3879911687648584
3875414185701964
3875566241394896
3920498209119355
3875181661853360
4007789808710517
3918906387118125
3930757355104527
3875461748558248
4005116216218373
3912368184204106
3875499900621384
3875386624653691
3879374753193036
3875435923997740
3888186201893433
3876830874267928
3885980748815848
3897286490388101
3875469613302337
3877272840487651
3884520161427433
3921532286352668
4007798196412719
3880452462729550
4007721584104107
3875379637040113
3875342043516318
3877606874843899
3889428256705096
3875479716756723
4007794199673639
3886649978933223
3880726196015039
4007434676834236
3875694692095348
3880491477910480
3875331230725748
3880111793008617
3875293099471165
3885944732581166
3922594631677076
4007614495164222
3875560591430058
3882774291294451
3876706764602288
3875518228771711
3883141582010017
3875275928376193
3880894953365779
3876080081259807
3875421432750980
3897492078448041
3875287852592943
3875193031860648
3876446625366879
4008089080512792
3875344195118011
4003746168640867
4007717524281438
3875470095229597
3932401594163047
3875373093282742
3884721483827714
3962468781381706
3880074522340260
3875519080857330
3915978481802417
3875524386021153
3876029988603703
3885180639069854
4020647975418891
3875417548826506
3923943389619714
3877301265835090
3880416572850913
4004320850121923
3915258286126399
3887984321228489
3875242109581744
3891491560322360
3875644695454127
3884537929426544
3886359020394050
4007655930824692
4007626683031375
3877880846956218
3875426986743761
3939289932293712
3875468904498561
3885129392873698
3905502116898998
3879342239034183
4095321769997763
3934926749892170
3875307000198269
3889904276887319
3879061711170948
3880845636535517
4007578226868449
3876831444633388
3903463841205842
3875360930697189
4006476018234556
3875360665926131
3875849478528948
3880019677520370
3876484894881938
3875555629608843
3877066913232506
3884844348389942
3879093760475859
4012270117759036
4007637580261309
3905921174366626
3876445719695571
4007776411591500
3908313596965632
3953786651213777
3875473480137282
3883867842328456
3885222481257336
3879294533393055
3877572947306951
3879006946294302
3879139133698484
3880795125361016
4007832649609313
3878785742563172
3875729618052374
4007577170349406
3875338482600984
3962093542231655
3884955400458240
3951689679410491
3933741321762812
4045709047447612
3890879900960808
3888051061298877
3875518933855268
3875324678537359
3875412922376224
3875342035122596
3880365296964402
3877976338781731
3880507698125259
3883084333863132
3875497774073228
3875530820390971
3989511904668424
4020504249986311
3875529297632518
3931144695046186
3882386712682454
3876478909012691
3875360758661692
3875445092904714
3876959769448304
3876535842408490
3875307247206199
4090292401201550
4007048343659903
3881518562599637
3879372425127399
3875699708491462
4007826646498636
3883464971481083
3962102047104480
3879805814693468
3875733145628938
3995441978258263
4007679363407786
3892155795516412
3875825709120203
3875659573106869
3891640454567125
3875608402524104
3926234674843080
3875316982403071
3885509795621893
3877586956728918
3937016343333400
3897411543911549
3875433793450003
4091746994400708
3875482934501722
3876792101817646
3939232328879182
3897485317409598
3876255155659852
3875467944095057
3875469394643479
3875462700549374
3875658167850978
3876226164539258
3880544162816779
3875741932151381
3875524806025289
3884741092997308
3875178331168080
3875475778584719
3886905420289352
3968449648221471
3887708038412497
3884398275174963
3879767306349423
3875706922833818
3880567202101002
3880474281373201
3884833576847678
3880391544435891
3875508594729700
3881560573229750
3959457015094425
3876068375318321
3875492408684817
4008144068120481
3875683007033791
3974962240748256
3877510842255306
3882938317827128
3875416927983402
3875463724370924
3875437618787348
3878791384189654
3879025032058053
3919712566621017
3888482235451907
3877318940390775
3875169069851655
3899187714794183
3875510561633427
4095516344328366
3883499985207859
3931124718292121
3876160947381585
3882155245876625
3884442294517300
4073033369335303
3882226707647438
3876753598361481
3875412675278413
3875455621179215
3881334852379258
3879452629174882
3992644830799324
3889527683155960
3879642915694185
3940204291648451
3926975766429115
3918332803321414
3910188559785324
3884832986054084
3981331391676621
3875366558628335
4089104046199901
4031601920424765
3875470887645045
3922407482204483
3904447660568717
3875409500393629
3884786726838244
4007778064383362
4035434503507681
3960417774972852
3875484830470538
3875391586069084
3883178580419659
3875485748486928
4102017334383156
3878683146614329
3875456761473125
3875500382483074
4012934415963043
3875412621151249
3882548990478637
3880494377082028
3879637761763762
3875210513983742
3884705831077381
3884826182077450
4007679833893651
3876250747253167
4007777426922258
4007691040331563
3877199637526864
3875208857768555
4048901491779698
3878823944262994
3892788153889328
3880170551635191
3883085160428214
3875385776982663
4007669628972213
3908357775921744
3885308338554633
3885127316336875
3900783294658441
3875848589393003
3880545597328803
3881200055533436
3993717227078372
3909104181293672
3875372355763513
4007784787681625
3875733597970011
3919438749146983
3875332719802535
3876100294251153
3918108131699704
3875462680084246
4007765003512522
3875514626226826
3878305658500633
3892189560427143
3899591172545126
3875536910514179
3875193463842896
3875388792770713
3877130104377125
3875475980545033
4007557024347385
3935558352687328
3875715231027239
4007647584290194
4007445435588778
3931229684104014
3908510095927012
3875517960323472
3875686374341071
4007374706694528
3896058793404483
3923220421588972
3876082745137078
3886501727678564
4008816569749542
3877998052665824
3875383814718200
3901821305194881
3877116867164193
4020415003554500
3875714262394559
3875389875279421
3876982749675808
3876609955869814
3877136081686276
3879760771558615
3914094577317646
4004317076285629
3875460159422667
3887375409028557
3875869993427988
3893924240735544
3876508596303530
4010897879430683
3879290942388046
3882359348271233
3875361655979548
3880001659455363
4000661785593971
3918613461515987
3875461601892452
3875446032427244
3972652466942702
3883452535172801
3889513996631650
3875507667831521
3884232440803740
3875466647621635
3897529815429434
4007963796349669
4007396352805892
3880763445999665
3882927123063981
3887412218387486
3930853140943569
3875313463226891
3875341250548955
3877130758528445
3885242035132175
3875868419984629
3875191408760993
3875566979491164
3875360934377589
3877701758247000
3875797485543251
3937124136783067
4044043261975048
3997575714020730
3897765602142351
3880765769476765
3887433176905980
3905615036096862
3876470784716552
4000349759202513
3879767386163261
4007571695741194
3881663077230992
3942553977550263
3891993275397700
3875368819661498
3883637018076652
3875778523504275
3875354357669433
3882195544099310
3877126769529276
3884787167023738
3958848916504411
3896886123797040
3875943288246026
3897280664887429
3875548038182374
3877178703913852
3888414262658466
3875326024885543
3875485811466233
3880002908974330
3960297292762913
3879330898144641
3879245908166616
3914086452059538
3875467855160367
3932592749138130
3878940098051821
3878357562937684
3880436968936559
4020637389159707
3875191496890266
3876445199724397
3899732210812307
3883815187671902
3879374392475952
4020792842780751
4007709038365513
3880761981351647
3876008451014614
3879090182332566
3959455881740357
3877278344204091
3879751628585127
3961312365161005
3879136659969011
3875432950165520
4017523210940300
3897760312713296
3880887982832841
3875361911995593
3875399673097118
3920607722767886
3906145682566330
3880391133495832
3875629939841666
4007604323704875
3877563124517196
4007591551622244
3880191955213204
3904749214144198
4023240009000557
3879299826070249
4019251285046786
3884014127314924
4007725048402092
3928699525525528
3881661407714926
3897252894345763
3879377387708357
3875484963843675
3964204958799428
3918554904326504
3875446255372370
3920816577995537
4017172860284645
3888168581748979
3876771046923982
3882596163326035
3897279041380727
4007784075023736
3877114862520711
3875660512446497
4007752785670788
4007445304882844
3875307196648900
3880466946397317
3879136965424847
3879759475552771
3887654921321784
3878984682594549
3876237380374000
3879725342959237
3884721903470782
3897429894502217
3877151633520861
3875420396821704
3890943591330639
3888436589482814
3876045663225693
4020488319357106
3875817836376871
3875720037840248
3875544469129630
3875424335259337
3883760061284166
3875392824193141
3875700476108549
3875865043743193
3971123639023641
3879849897132151
3883402358613520
3880466971577588
3876037316282634
3878311945997480
3876915993281669
3875523594189854
3877384161336346
3882189043336730
3878757397713412
3875213735328119
3877112266270378
4007688695825004
3879863053742678
4007661320746942
3899818580012772
3884720880197704
3960190498438830
3877628576155062
3875451103397983
3875519742934943
3875712391609726
3876390166134739
3905451278548092
3878200293316966
3878982401220409
3875525321457971
3875496078819820
3880485815660884
3876193323114647
3879735853483997
3875448188084771
3887785934726867
3875696160431570
4012380876348379
3888108782882184
3879123346688494
3907690948362023
3875565364880234
3888797697309198
3899985256896296
3875589532069448
3875426768558569
3882201655911019
3882317069915486
3875835179925980
3876737262039737
3876099711280214
3898154594718045
3886173556702545
3877196424293151
4007767502833828
3879629339004084
3905458303549921
3875429159448990
3885654439833761
3935184674004869
3879341999600411
3880838972647667
3938436891102989
3885104030484129
3875425757194986
3993726902435081
3885208467824215
3875497475459018
4040204207625905
3875339178195025
3897794135715527
3920695484552815
3931120200755610
3875737986029097
3876054583987960
3875420526983315
3875337949507941
3877587380079959
3886357489080887
3887816691704616
3875524914864038
3875380044197273
3875291166544912
3875484113030155
4011170434386097
3946093219327627
3885959139351440
3879010742086097
4092771033679606
3886573466301394
3904324960494714
4007940996226859
4007620949962177
3972921577438982
3880634722645920
3885457013927871
3889087934918500
3875409059467514
3879485965049012
3920802141195846
3876867536491108
4102883639414280
3897290135270910
3891826039286570
3906119304634522
3888890898817135
3875778510517916
3877228678981500
3923312357321555
3924276668864419
3877115441004782
3875489129457216
3877295398216104
3905547474177294
4037676241977163
3875520187471431
3875444232872630
3934001053928418
3875667345296938
3877327052479277
3994956345772412
3910774919756200
3875286044881406
3875485622539643
3880554120247126
3897405248107892
3881234327786075
4007543758225291
3987633347211049
3924629100295787
3884591469559202
3899236901260723
4001141795214388
3875476164070733
3878201245652200
3875367213104262
3875730893538764
3923884405157383
3956674785706985
3875665600809918
3877586469418928
3875328646456885
4007456399323345
3922523018455868
3875397567357743
3875217434595302
4007580395125672
3901087507173285
4022173826243413
4049641366339324
3928662124100201
3880534797371799
3879724784598870
3891466789031566
3881491140370181
3877504613705194
3957597964444438
3879708573968543
3883828638864062
3880593575731272
3879390331108824
3877739050564009
3875368743841882
3939439753447951
3935154051038216
3922904939286997
3884446601784655
4039977689501687
3898482626312323
3959513134475875
4020598500487620
3899185340051847
4007575122717914
3897279255383986
3905132528096095
3885602833176444
3900042622857707
3882921053653194
4007469724576680
3905926387980283
4015661824906906
3929015981212204
3875497400853108
4007633410872183
3882246580749238
3881230800055832
3875330684727154
3913109745676346
3875327556174046
3875413778346132
3950017092061787
3876118908329452
4007776155780911
3923310838306170
3875390084795469
3879344990275459
3880452706159800
4007671897882649
3875662278838009
4007824038101493
3877143592857641
3875333025729873
3875686819211073
3875475837125196
4007370222309821
4016723436495468
3877913361331454
3875766766608712
3885871423991505
3875317577873995
3875305271356430
3875225622414509
3875515310385169
3925712446792151
3877248681128577
3875490228116148
3899410997991057
3875420564768439
3904073281497866
4021409275024033
3879717947778078
3883068106919414
3875391737323020
3878942391438675
3876230438908235
4007683989760124
3879422065541595
3875541360645719
3875326851820516
3880094835550920
3877095669538284
3882579591588595
3875566895952409
3875751554553296
3876514115980721
4081600872059889
3877843714637584
3875749179937447
3879323947779562
3879363780903766
3939401383535046
3875430958222841
4007798590931111
3875353032111327
3885279791931521
3875443503922395
3910115440563862
4007776436804651
3875713118074450
3880489888657887
3875672432456745
3877565658247370
3875328675683203
4004880559544170
3887871071416282
3875382388151538
3909033105288536
4092720672790701
3875192482344869
4007763396764748
3876595590736825
3880573153602034
3879802676783358
3875410640730360
4020483663916379
3889440022227012
3880121859128313
3875468812086665
3939222475528769
3880765442083234
3875378575397866
3875739931504194
3875439804263037
3890540003131202
3914093427606076
3876631544388462
3875618057477904
3880028259082241
3878344917514814
3990681653627333
4022821866502921
3881082963172812
3875377371809673
3876207323780035
3875476260652307
3875736911581089
3978728680381951
3927928448225512
3896626651183370
3875536424629886
3875662274362982
3885720382769650
3876605862543659
3875514387159367
3882379103469945
3875661657605111
3930774640469927
3903390326742735
3884738680554183
4017469217220439
3899612874105533
3875693324498299
4010146666967960
3875170903472067
3875297319354569
3885111462109172
3877478474482490
3877590693482191
3891630618329872
3892711331412198
4011698526130732
3897652854804847
3875394064776226
3880016125303117
3884808470074266
3876526569656363
3875523254171676
4020774056216941
3880103068660651
3897291758726919
3897096606629382
4007787862265882
4006578384876088
3901095929948458
3879729863894639
3885837336578125
3876091540289129
3875417012056120
3875372858651301
4012304155144724
3877333553892100
3960798214445056
3875564668166412
3963119686078357
3934591108490698
3938213728720995
3877127126072659
3879266623798570
3910535374081790
3880058944488823
3879989978296038
4039245234198413
3879288618814787
3875426583671330
3912689941881209
3883885765264998
4000417111113185
4089832290349359
3971270549143552
3875547434621666
3875330559197522
3875180193185296
3885294506374478
3891827364701047
3875496569563008
3884722985717682
4008120869087373
3875530413226619
3879424300593554
4007748955774761
4013715776706321
3895006022383703
3918251966531151
3909190185274381
4007707968937367
3888005435324625
3890912117248767
3876081796859621
3875399634892660
4007740021464013
3885552996685394
3875186392183728
3875406031643622
3875203752675799
3875375198866206
3875479968665440
3875178586921634
3880160321283174
4023231180278540
3876397820659269
3883816995109280
3875780671547228
3877485403564800
3875414890072360
3878775613568893
3880385995579113
3875425539162633
3905585420098655
3879666139890593
3875690023402904
3876096229177084
3886016970120639
3879000281616631
3875692665878637
3878410252527766
3875397949131830
3875718935050191
3875534226615618
3875493428707615
3882399010400431
3878931666856882
3903713967909276
3897287094834121
3883116421066281
3905935443420863
3875320958725186
3883131222070341
3878930458975825
3890594617133420
3888704663389227
3875314117421840
3880016133226827
3875404307326936
3875334371550702
4007592697369215
4101178448717492
4044336704783684
3903946194480138
3875532569286548
3885083452732102
4007651689685010
3875530426494059
3875708658666418
3875531596866054
3879727728875724
4010207681477779
3875449245418396
3878001076618722
3875651981373698
3875186690390649
4007685093421523
4007684086679828
3876372881373535
3875506954819442
3882267359080859
3875309101151663
3885300910254283
3878378874654225
3880393126129765
3875211873137864
3875343011800856
3882056914427202
3875457651066628
3917545042562124
3875636428450229
3875340021502458
3885082526086663
3964672169809124
3875176351144690
3896765898502853
3885444993662659
4007722233923144
3921671511201656
3939250422046061
3877286996325182
4007067703870818
4039894421060453
3897286335150795
4052677598282288
3939255455588935
3879638650063894
3877196810855358
4020503130088865
3875642170892100
3879135262469670
3925535807410903
3992558747568003
4049731962826205
3884980067270756
3876071961057160
3880090208855839
3891521424337714
3875256353442722
3875452211184564
3878247731229026
3880595052085610
4034025393288489
3878431902804435
3892301707792295
3888112779989153
3875184634821479
3919563244194765
3892399472240448
3875349387774150
4092802437091253
3880944010180018
3875330345309034
3882982961631540
3878439528743885
3885899609404375
3884075842542602
4102743344357550
3875732130164378
3875471458532758
3888240320562871
3875415531211937
3880429691926001
3877617893864375
3875507223279668
3885604523398953
3875317288418060
3880388777090272
3899619799060397
3989464746989217
4012371436011202
3936262358118135
4006692804440812
3875555022024237
3879396442003345
3875538093944936
3876876461845161
3875720785041025
4032403784037392
3905494055909664
3890595774687428
4007946172515787
3932221038113247
3928626359977198
3891042703083932
3886327650992807
3876934100730405
3875375065242382
3900292930470388
3884895023547291
3876049538325494
3904635406283800
3951933041283207
3897278660356229
3906597883307574
3885066981259416
3902872179642927
3885043963008133
3889944440961654
3875260841518472
3886741368821455
3876464203680610
3886393237602997
3879662134802127
3884787338747448
3879841596046629
3879885338377886
3875343125154548
3880378995342584
3875185243248068
3888481341955524
3932039457313251
3879667985462403
3875594498718485
3875454220267231
3875531113718165
3933722548085079
4007446814979790
3875668733596708
3903320924151933
3960146864557506
3877140942337113
3880751009046087
3875662038979576
3892561192083911
3915942515925119
3935351628017236
3918907313855896
3979155589190460
3875428424995886
3880368140602776
3875520385012790
3875663851421698
3876470465979269
3877252523236008
3902876684265191
3875329015317778
3959055733209870
4024790513507662
3875486381650644
4092592377132365
3976612770734443
3875528232374426
3948543909531063
3879313281767323
3875555226725518
3875470971607161
3875428550479071
3876166526250899
4007744434785043
3875371688250322
3877199016839079
3897530997744282
3876385468502413
3901950242271368
3880782562796088
3879647231989285
3880137621722424
3897288579308163
3875429188245526
3881122062672238
3918860216246129
3887066250794037
3921188079860564
3897374046543568
3919236432657856
3879271350928814
3910913943515460
3880484733515578
4101430412991665
4006611305959308
3875523149649971
4001265710571727
3886513576154127
3875535710807143
3904760417281776
3918444082875525
3999836489003571
3884376192946270
4007571016998593
3875356228068060
3875425799545895
4024332638579987
4007804798927468
3875369213813879
4021042072873542
3875335877639979
3875518040100880
3875412000411413
4009179326694346
4007789292771239
3879083270373304
3886514196900668
3875364424138462
3875208094110304
3890128085167916
3886036268389056
3876376270697354
4007640583156832
3875767244624677
3885192773342153
3875330098316911
3880204088830503
3935217196598743
3877237931351769
3879481955158309
3875188020037581
3879349247694011
3886488531911445
3875382971005321
3875212292358431
3875437085803690
3920569076133069
3892858727741391
3875517432297510
4039877869467881
3946788563565662
3875500492061381
3891318143560159
3897284959691001
3923539419480554
3876461137872971
3941017051455214
3876144681843553
3887625657999791
3878087966428842
4007689593659770
3880416584927154
4007739984814551
3879457347363777
3877832968954700
3875188715886084
3875423051631452
3875758927663550
3968836049300999
3883286935832761
4007765972447483
3882594440012359
3880460062798555
3879675165861631
3876149899435624
3888781985670062
3876803548273126
3913782155696523
3882927102074670
3897009901469863
4007611558934812
3875504857745737
3901581320125671
3884858033739301
4020803366916152
3893854316671533
4007678013268465
4023312076699822
3875325388144840
3875404416479191
3880101014120825
3924992225570778
3985272682861372
3875414931640286
3885246564816909
3882407076198680
3883333525757749
3883303423305743
3879032616096581
3875269745690723
3881189427356067
4007799006334252
3876519987906416
3876005346942710
3883454124627144
4007636665637679
4011259336763135
4004448570989505
3879638218445645
3978571715756380
3887258907826960
3875830389817915
3875331939380651
3885101416998996
3883169176774545
3875527657807818
3875439568936796
3878801241007753
3875658176475324
3876400492299923
3880387505833786
4097588309236156
3877913914626705
4007799245691504
3908792817596557
3875675821771069
3875311621924529
3879657214557938
3875377824547723
3879296923699886
4007780916507661
3911360478361091
3877249080038221
3880546981678550
3879431967424631
3897418582021282
3879143114305789
3877455800166257
3877879974928654
3892029932891540
3999249420524433
4007568580063687
3905505518678417
3884570326026953
3882629235058082
3939493130424147
3890269491230426
3876526774403212
3877218709126927
3881444193125691
3887456812696636
3880122224285272
3875697413706483
3881550020062538
3884024470250474
3884055961470761
3877311323395512
4007736910445822
3880583475972999
4077314197854806
3878599054103473
3875480383781501
3875524809789253
3884727243126680
3875399098180468
3875369276973293
3905348219694631
3908988062399551
3875698928194436
3875420921365026
3879376233811522
4007678815141844
3880393029335821
3876811438494431
3875660092937977
3881122238525955
3875697917208118
3876035650825749
3875505151407078
3926382373290415
3875270995517520
3933835076887911
3875428622053153
3880763629945937
3996819911990128
3876995224455958
3876105842928319
3903631264580234
3931130367233706
3875308417830712
3885976860118190
3886280494133925
3884947184134773
3875446980126785
3879408983165489
3924426078605139
3921418586216988
3882616186659896
3875339606403660
3885756173195782
3888098292969533
3877273863762689
3896018736915473
3880045011403802
4020795002995965
3878807792469229
4049339401119772
3882195074586288
3930391506935575
3877176400810623
4007735789434852
3888732417435194
3879631566917538
3880381592113374
3878697729956905
3880401040878367
3881090533592331
3936979420886982
3884840451085988
3884531692030201
3887838909435304
4007709873433802
3876371409811935
4003711816344568
3956623489719676
3875737000248565
4007681440298009
3879363588189398
3895937497671128
3882146568028083
3881585830740554
3884884264809418
3880445039058471
3875370698632646
3878322599546784
3880005090399667
3923614698979942
3875317099894019
3880429692623204
4007787945946406
3880830428631120
3916449363615334
3888359925749609
3997899295966580
3890979226434395
3875448985144531
3907709625549608
3875710928165335
3880793522793020
4007716609236311
3875537661240581
3875691630372514
3875635426149608
3875484460860216
4007719851312216
3882817702357487
4007555556985251
3885327733090858
3883278500732504
3904077341374621
3878037948782071
3875327296098936
3885545384194409
3880482137457626
3879981086096033
3887122207894753
4102387725551049
3956691638663800
3911309462077979
3889054665683092
3875286955750745
3875507118312917
3882767878534133
3890913514493361
4007435448549898
3888208062964429
3968278528992883
3878947782099308
3910843751762706
3882513611326177
3879874265379792
3876495259034179
3877216444005529
3919536728748026
3875277903823516
4007579455704869
3884819971221883
3875400331260299
3886214644010956
3884030552331649
4034856268567003
4007802064277676
4007771945372795
3928250902142230
3902887081710469
3876746803356954
4007667305209389
3875413950211821
3875474989874367
3974445829589689
3877860223687422
4007794589686492
3906848585231120
3879454793043593
3992466212932462
3875461911841693
3875520137839125
3875460037568738
4029970177354200
3878712086640045
3880139182354091
4000304779313351
3875459546894159
3884327580074567
3880119481141368
4076067402545413
4006595333644977
4102189086941680
4007770003376111
4033716805945972
3880175857317663
3951775247133370
3877619747216239
3879671059618021
3887055799399972
3895973682608990
3875441037761646
3936216846431998
3884469586814698
3875424058452042
3910309704277629
3925021002710718
3875517998109543
3939788396208987
4043578050966258
4013851689205078
3879659554816743
3886266481331561
3887348833835620
3875438537800911
3875537070489638
3976615836545459
3875442462854142
3903255769346645
3885655144283958
3875343574118489
3887382199635769
3875503934592394
3875456946172774
4005031491604103
3877249428638342
3875186870635835
3881657184117398
4029301207256980
4007785961849107
3875579306286440
3880960430504150
3890686199741288
4012304025212111
3875382853664051
4032996719297033
3903278867686186
3887622772446807
3951792955912748
3887438751305681
3876007901349778
3889896496174252
3883156777900488
3922138740125529
4020629852853769
4011325950621238
3875469092949638
3875216062967299
3886236840285145
3990696756973755
3876242757081822
3875419633524654
3875500881147188
3875814313700267
3876015648303917
3918206559040743
3887110106875952
4039654800006565
3878292630893046
4039985122923505
3902482650749878
3907180048483999
4007457585399360
3875521131358580
3924362337863007
3877867127553915
3875796621598745
3908253526672898
3990565907711786
3879319162150429
3885081263033717
3931706593746345
3888051866122972
3884729075800552
3880874041351113
3931125178712901
3875717601611695
3875742485745328
3888421916996223
3875797380952114
3887254785305391
3897570138988064
4007789397539529
3905340913010876
3876065305221869
3916816197378091
3880561586413152
3881208528303458
3886207438476421
3875456052583675
3875427791630401
3879896562557750
4094219033743026
3875300423027789
3897287794998806
4007709252345227
3875430715613444
3982011817989821
3880754142364815
3882914997192396
3879052337400047
3879393418161926
3875438369733043
3925820336253516
3875503305542000
3875481189634627
3875428839883641
4007624112772027
3883820610296319
3884827956453260
3883067678306792
3920810093548334
3875688635071759
3880511078260397
3936580848827372
3880220740619998
3918609971682476
3875750429890822
3875358954474942
3875503892602110
3884592341531064
4007541623201693
3910988485081514
3878245738802585
3879487554477743
3885208400854862
3897384407173017
3877838463449105
3880913866042487
3879472141347575
3875448406375062
3878686644152003
3876940518095050
3880366975207953
3875357448501275
3884162781779996
3875524986467646
3886989214778507
3875462687953858
3887411027133451
3887246434012882
3885085448828908
3876933987217073
4008702224152857
3885938813852648
3875452424472347
3876332230062980
3875520015587972
3875360606896121
4040661961512917
3875577162955949
3938584232667586
3884895241532299
3931174508319472
3885306237288768
4007568072408018
3875535459711043
3883341809727666
3875888120480596
3875440139321822
4047987972223149
3875492107618919
3880531852783325
3994735997543084
3897299627276994
3889452004846885
3886172981856313
3881087748786243
4007802467188312
3875368404816583
3875649477581616
3883293751397325
3910438271905173
4007811379673175
3880727349060170
3934022092479598
3888139137825041
3885434142684362
3943289646904413
3875372254817803
3875337173894947
4008782138489826
3875682935005844
4007763845116674
3876215523728108
3880526719300794
4007793998102643
3921716176988575
3947243461829455
3900282096219683
3879676331797045
4007568756121244
3878058299634852
3880488122746916
3876098590704633
3875180268739727
3928788297161189
3886516281056006
3880146342007985
3878793686926980
3902839732246473
4012624347819355
3875669912128656
3878390601983264
3875284623468035
3956699066754244
3905914274638690
3901484300875920
3999237983303972
3875369188620474
3880494045066285
3934039159390610
4061291318070027
3878006629921637
4004493546601637
3930817799464218
3890695116518242
4020488109680715
3885247810525034
3905967823247676
3875455675661540
3880012086088226
3966274364752073
3927685741359981
3879264380304616
3875372946589340
3882154112805726
3875479897523369
3895645968978288
3875475161998407
3875442874782314
3887675792163310
3878991469511531
3885878462317725
3880914100439389
3882056427604319
3875442652388855
3885871838848233
3887414739038988
3876354518555740
3879704962780356
3877164527423637
3936776789593807
3878542779604384
3879790681154993
4020591420113707
3884173746205918
3875547631128021
3904307717788064
3883132812337230
3919249531404434
3883634526769854
3886584342089777
3878992358891340
3890781150059172
3882203123997582
4009857465640557
4013943304869350
3884768795705531
3909004453537908
3875343938852717
3886364061516219
4000770330848175
3876783398913923
3875493964682395
4031531980514527
3926239058034626
3923364823122469
3896318923180524
3875319284578073
3917754069401079
3875331800343522
4101767685701550
3875468753693700
3962853897309116
3915373520468393
3875493902641621
4007583348331930
3885454614713595
3875416877983547
4048878854334986
3875827739077103
3885214873041038
3875217144948342
3876995370400674
3880397701946091
3905538800653603
3875316944184131
3878685553688620
3934915319632540
3897388424653992
3875460766788202
3897407412205172
4007950088967988
3877260870627833
3875450063934051
3931895307763119
3993142392743891
4093071014771522
3875444019229022
4086658611071324
3887288687568050
4007751774026327
3885514333534287
3875429448702801
3886196889389880
3877286228850882
3878607648328648
3878793418699537
4020594489486716
3875193372347177
4007538959536340
3879668131934607
3875375706601864
3875419801175755
3877329975412648
4026558194741132
3875469532922912
4024407679036824
3880737322961881
3890720567719007
3882062488425320
3908114266859954
3880452098044505
4034175679781656
3875669979262546
3976371833764255
3875334384891387
3875461102586080
3875413358745543
3913829761013584
3878217519750439
3884788736113814
3879685680805592
3890594692683096
4007799748338276
3926030790109004
3998802447066848
3875285541752468
4101676103715399
3875319528535174
4008800170122598
4055049015511536
4037428639904141
3875634604740172
3877530194829972
3913421441446755
3878792160169716
3877171011339863
3951778816473309
3882910472347461
4019183123726615
3930949277981829
3875435513600154
3885851136471412
4007750432171444
3897283164488431
3880390135202197
3880245108698819
3875459114635950
3879292787924502
4007699634938198
4007659155268783
3882369272081419
3875443486625509
3884059958569370
3875350713216285
3935189585803215
3875933834123716
3878954521431372
3875868802147016
3995428518740048
3875478094179212
3875303052596983
3875810131611897
3877562969256276
3875537540134356
3875357646535476
3879772821693114
3875489981077194
3875328306822908
4020647707533348
3911317997680956
3886991374698246
3875530284074657
3879141142886871
3877938400899651
4010523089631013
3876084749555968
3880854646712354
3875186593845557
3877107597832248
3883032148409053
3875670804975649
3959478061632484
3939164112248736
3875486553494460
3876410663591955
4007778588719022
3875169392823520
3884729592094308
4033874415501998
3875353557166346
3875532170744442
4007619591609766
3878232774360379
3875666989093081
3881638771496534
3879274777612929
3876182640073385
3899959792988210
3897282514557142
3882710806102877
4007543120349867
3875706058184224
3877937176563186
3879756141927432
3919535834846717
3947178542400275
3878727668377102
3875330848658252
3877596423002843
3875523823950721
3877416101721357
3875306609805697
3875496544370121
3875197730228578
3875307524050110
3877204318055980
3885908799012464
3911006084283970
3888506881743760
3880775902853228
3904398419819369
3885823843567970
4008129023376589
3897282061218886
4007552591211578
3999633347069806
4039809128861973
3924456017709086
3902901749418402
3880403310046831
3885925249470577
3880016502586497
4100737132366133
3880251224196317
3885130529469176
3875193749194156
3875426843397174
3879292150752769
3875700367012379
3878943210259107
3885270837383857
3943626675128239
4007401323249648
3875656020312724
3875556522999858
3875186266539116
3876187845247496
3897134505917573
3881317760316150
3884486267632493
4092438081617452
3919842077417182
3877843861313662
3875426855992325
3879690844127891
4007574745391338
4021947337345382
3885307981912710
3876888033910663
3885064255300324
3877131895097346
3879350984421725
3875457172585358
3905490406398914
3886730006644038
3875374494283680
3906341301103523
4007711358226974
3875757455539416
3876696061498149
3926263531981213
3892716045810084
3880237165107637
3875363333093290
3918607123633992
3891646183752491
3879372924460107
4007596727568320
3951460607746558
3882955673543417
3886217722414549
4019337889158949
3903593893106306
4027529235007855
3875183939103212
3883593522390367
3875188892945446
4044153816381413
3875349274107385
3880413624196931
3883979645996699
3885785348323887
3880380153329372
3945035815089042
3875474377455806
4059821794246656
3956374280788094
3996499643207258
3875443893882825
3920452650965978
3875326368692832
3886257710588470
3875187692686863
3884793215507382
3883614858941455
4012754568102188
3909832668741172
3876165284079838
3880462206082343
3875320887611816
3875391976884405
3875768607970541
3885795582696356
3913745900583279
3875459190228475
3875359122154871
3875616312548356
3886030119455270
3882985650185566
3877130641379677
3892693589407531
3876363355997068
3883663210896546
3887108681132692
3875170135301118
3882615905952103
4020489385164545
3877162807065091
3880432972170502
3976500170164406
3875549908745657
3878758047865477
3895451281710660
3875430593265059
3875566836844404
3880271021125815
4005251138541623
4000548803513564
3875676375117487
3878696227777417
3878205918156671
3880102196879919
3885171805615240
3879445549515895
3877629641801402
3877489632023711
3875311038856180
3879773925517119
3994552727642284
3882415653414451
3877025242635983
3877235284835920
3875448335323197
3879370751764414
4007601232716294
3885908702752175
3891354336004335
3879447675195344
3880751482830567
3875889341349738
3875690300223847
3875447215223306
3918579642352357
3875716913744069
4018295898038189
3996839618019250
3876135349725708
3875877035147951
3905976715923376
3878951694472902
3875299940597653
3875443780021455
4020832973402969
3875663700242501
3882662701740995
3995005054261454
3891006078330109
3882990222307184
3876094526330087
3879284210759039
3897284225686513
3886192443430968
3881199325618238
3877625082619648
3875447571531927
3884696859457232
3875343314083961
3880759301288294
3878912960125467
3896180553402681
3885509690492442
3875396447447071
4007799987796671
3979336145167942
3889060218973785
3878776955592462
3926061375501787
3885418976319571
3923488698068487
3897289892538355
3875414046770698
4007559007841486
3877229400498219
3880593328519485
3875296161498932
3876809676514696
3927093396079246
3882934320682242
3875329095970431
4007448710317645
3879049774055980
3875516929122031
3888175426854635
3880507995350507
3880018415356380
3900881189236998
4040314526077841
3880438852626558
3875458929807284
3897246489558672
3887311474971227
3911002602814923
4007686326145886
3875550369869944
4098240326339130
3875485542711365
3875509391385288
3875164174997985
4007699026856093
3880805921295581
3883742903097135
4003361025482557
3931889079213672
3971389049919933
3887109196422948
4007712645903995
3897461971754611
3897412299084790
3875334347124975
3875438814534089
3875990536746225
3875354571510094
3883095188700095
3875356710622957
3881130225173379
3909178974005099
3875523111497943
3875195234237277
3879026860562835
3875478761341490
3931181999031050
3878295974059814
3875188665901045
4007672930367632
4019273616146136
3875343313825079
3924999457277273
3875425228424432
3875184618454635
3886173853852858
4019194187903168
3880494191706393
4095884234757580
3878216466947555
4007615359439978
3877921997349858
3906840074963066
4007788046536674
3876126147394701
3993176094717748
3879294369380193
3927698441153271
3917795097761159
3880847553459741
3882224199533648
3881425856525617
3880216772215131
3880930705544953
3922520102710762
3883256133045110
3875324356194607
3876737110389793
3875679500744886
3930431802534180
3877326267732926
3880734529494482
3877864027910129
3879903419743232
3918442601741709
4048961888984743
3880369369448903
3875571198665421
4007449352625963
3888342473103575
3928401725156291
3912307220764640
3879653108329268
3888363889344451
4007441085207628
3879332277434863
3875502399617173
3889158470381264
3875364265099925
3879308445169905
3896533663522397
3882785028698461
3877242683489796
3885361576988500
3875378600797664
3919528746429899
3875454430065640
3899658348598353
3875481398746213
3880444972345493
3884428331572366
4007666710139736
3878942828294252
3879802425370231
3875687947478886
3924729351715226
3879773875153988
3928942648488054
3875434296961893
3875468216270174
3884096210132564
3898266389151576
3908852325722804
3897387548230666
3939112547248847
4047959433624790
3878728734207165
3875509878531911
3879325251968065
3907614348144846
3903229286665083
3875166188586423
3934948652472310
3875366211306666
3890269424395824
3885636739678931
3919297312769813
3877149972589708
3875449320705725
3885124535463774
3875797980693596
3876282729020734
3884014433651373
3879355824371996
3880837839391619
4016113160844628
3920271775773612
3879747890930358
3879055117694667
3884690022715878
3875409001574269
3876560802866193
4008002052875042
4007444092507681
4008074782033042
3875499392776670
3878771188423625
3884549379454758
3905923053196756
3884442168614520
3886613601656070
3875407566786258
3897863295557320
3875479729935180
3876164982658988
3889815315182484
3875179518558453
3875437266447561
3877552655359262
3880409622881241
3880136833512541
3878880038912708
3878528614939350
3875468958957998
3889930944541801
4086637778189971
3934022730561727
3875531428279756
3878630843193772
3879380377464913
3899394400772574
3875514408690171
3876281031025912
3887349937444375
3875495512501584
4092739882839089
4040398026177228
4020713570310742
3875362280639269
3938922649823153
4062017067231641
3897367969393638
3879509910766661
3875402722718829
4007553879234205
3880746806670533
3875423044133676
3883513247810745
3885207864571589
3876034217086729
3888090806335629
3875673070885130
3875323412281201
3897273974932788
3875451531707775
3901160706026982
3879638193268611
3881282557743171
3875697002780037
3878367474016876
3920279330046356
3882588165044913
3879479040058847
3885303066628351
3981867290686707
4007440888508163
3925795590278336
3925183532310485
4020705156577746
3885652565122242
3875480991985705
3888385518886328
3879010654213678
3883765137352548
3884766870720524
3875372360102168
3887945779757490
3923176951644552
4027326046109555
3888779062443969
3886167054929278
3875514168806617
3896553557120185
3875176091271950
3878985925076748
3875496628572956
3882990079579528
3875182085157514
4007661488047798
3879489459299721
4007447112786779
3885976440814281
3875648697043473
3875395742942248
3888829893007394
3879898005251797
3897408368540200
3875301077101402
3878686938184828
3875550491555506
3897457110808540
3875192339913774
4029111913039328
3936280708887455
3882173847185859
3877249696185655
3898170759531855
3877159749662117
3875676266247998
3926212805917917
3896918993803101
3882871578688792
3914802986081345
3908983637119182
3899433114350240
3875675968457832
3897922732830202
3875198078415731
3875516308110863
3876625873631763
3915639884065610
3875374646131500
3897286683626136
4007550116464524
3965902569580426
3875309214553153
3875484372701151
3999405025742897
3888224550319193
4043932968460996
3903602336449839
3877585844673450
3875720838891171
3879388233577932
3875448741973619
3910831588673724
4007564570140281
3875191236704762
3879003997756515
3880179992127384
3909080022111622
3945716177323381
3931132666016162
3892005199420789
3885469123612874
3875320794456527
3878052549244809
3875179064747327
3880481814386261
3875512839302673
3875714145525264
3876071462053165
3876131406613914
3884053151159520
3879042770223935
3880382565398460
3882194701334365
4007586577087626
3878758467408253
3897277008018126
3879119768861464
3880394941868621
3904130692691367
3907537260761251
4007597156104201
3880964344290983
3879084125670409
3970401236931823
3876171449839695
3875518308553150
3878316689709540
3914447531955805
3875416257185487
3886264836790304
3877844914251426
3875196379276627
3875170017762117
3889508527841783
3884494816060308
3886284206327078
3875474214742497
3899994542769614
3915274543184011
3875285495358203
3880876100044327
3886027640873162
3875588081335095
3877571001756302
3879678886228234
3910921322083874
3875514245026537
3875187247813288
3876027577188376
3875401471906896
3884206146619910
4035365511697611
3949030952512725
3899937806519706
3885670717768539
3889603209816873
3880946547905402
3875357369603147
3875419902252661
3875488529075179
3875511816626484
3875521723041525
3879145811015133
3921442023945721
3994507122415244
3875484724774839
3875455935036297
3882907338279023
3942069330919870
3895995509525301
3935948200778346
3877200258055396
3902901712212380
3875460766788152
3879515090098709
3888912914989408
3878236079508351
3875507449381114
3891701544025882
3875444703347042
3880402609237056
3882756473637393
3883645343506013
4008006301040946
3931122268165122
3875480496867994
4101802368532128
3875424855307080
3881644354626683
3899344791111967
3875176041656415
3875746407319805
4003262363439878
4007781373052707
3875463019331553
3896350255353784
3880012102875056
4021413578281234
3876791342948692
3875512588231539
3879752190144364
3918598227242893
3875494216905408
3887411915984038
4098425530164068
4007594315877403
3890033431764463
3876030625958860
3936038223050440
3883633683670144
3876242438556775
3875283159098737
3878560765106611
3888801430428707
3875695899844219
3875717798123105
3875355377074207
3880461753483563
3875879207772491
3875346715296696
4004925060703757
3884741222504143
3879711077512741
3876781188379505
4000092954562440
3875868897744973
4007459099928701
3876035701206171
3897191183223119
3879620233574390
3875455931063681
3939241920078323
3879794972766773
3876067850461576
3916416732162457
3877904494815478
3888525893736440
4007604193353473
3955479082312073
3879317761262012
3886759756477310
4007557075483169
4020607320583601
3876804827332276
3904774816161339
3875457873083958
3875694016656077
4006117064936615
4007548456018983
3877312480806371
3875544623705820
3885140872823224
3880365292768597
3920631374284822
4060967823904536
3875333549533488
4007444621883991
3875487459780325
3953774705995537
3882388847716950
3879724352973359
3997418439856650
3875391268063836
3875356181880624
3887413455375868
4021022883399656
3875405901308281
3882399949450637
3875340776421418
3887413942208862
3875329707416662
3878788112396206
4007617074513533
3905490914010885
3876081565797689
3882381511293999
