4106596658872153
4067939134958840
4099218794348415
4067752542913246
3368052599612497
3637330471004919
4067984576015295
4068078684398933
3423412867561240
4068099806324437
4067816590130203
4067734713213376
3556992591579084
4067726332942834
4067730912683228
4072222282662849
4068103639452301
4067756682768592
4067947578547806
4067732054297336
4068200318306476
4090682123386828
4067856389562893
4084262309507667
4097665371334358
4099424399356661
4071950500955222
4068241569320529
4067921557295397
4067711699289244
4068248934265343
4078426098995049
4069020699486202
4068198598358653
4071150617360661
3698467249246553
4090810326529150
4070876120971261
4067713616161968
4067719663925478
4067798130640282
4068146421250433
4067710717671911
4067866124359851
4068527948276333
4068325241232633
4067720469105334
4067916850797029
4034491234699038
4067702236077450
3580411559468340
4067647324702519
4067791756319996
4090667774827131
4071190727380373
4099380992473317
4067601082657605
4090698137022738
4067708469461008
4067839344611025
4090267407840503
4068495132160959
4074146059282461
4067938967882852
4067906691559217
4067793568131744
4071217210286983
3476072018845755
4068958686982816
4067725712554511
4072149779726628
4067743261669134
4068146107722157
4067780334310413
4078592499298898
3687668778652798
4069535239425729
4067733551267550
4068164004299897
4067907585152806
4068111864554055
4067905819402013
3788006362603393
4072114057150773
4067843143731121
4071131927144920
4067674725700867
4067718913092306
4068095460633287
4067918637418939
4072261063681535
4067747601764572
4067934982418847
4067618262101653
12272705049
4075085570959180
4067658704133713
4067841839320196
4067861700255581
4067973793203307
4068176327334698
4067753503594506
4067931866794250
4067992335892513
4067809262710459
4068141640244295
3991056322878415
4104632186400524
4068617550757297
4090190680730513
4067753688466827
4069954443230450
4067813944101114
4098639180069150
4067748445701945
4067732032721733
4073026406299183
4079040496702313
4067622939542937
4074097472608179
4067766556593591
4068177145750805
3521285093038039
4068162846887987
4067754258969670
3788031167609719
4071187539121423
4067771325278264
4067800747946094
4068144647201800
4106626950230318
3461846449776589
4067794540655240
4068119628615673
4068201711266949
4067800589270554
3502902112431329
4068283961471597
4067791533270588
3496985934099605
4074753582973390
4068178872501915
4068173852210482
4100020829490104
4090664800875049
4067903252514584
4067864279357282
4072611719920050
4079413786270568
4068215531241048
4068225429682306
3611168851709642
3788073718578980
3601646665985410
4067937599785762
3596784368746660
4067707593024176
4067915337054893
4067923658262978
4072193471913350
4097447783305274
4103914091519994
4067882466327664
4067713065695198
4067770460771506
4067728983304724
4072186455574413
4068091753316953
4068257818640968
4091687594255072
4068805812675207
4067788089360569
4067824505078098
4067719206226867
4068224565272200
4069406844051449
4068194458972352
4102962727229145
3922900102812403
4074404088708298
4067808180049188
4068120660041873
4067697770330672
4068314374425149
4067851168032784
4072124639058608
4067732771748219
4067929660110127
4071212374041851
4067739302346180
4068087068397560
4104556352379680
4067962820224727
4092676859742121
3426721451876185
4032227631404437
4067931819797297
4099334817049890
4067962648017891
4067760101419827
4078314953461599
4067786826893472
4068074338350133
4067658008185462
4068521455370542
3342800188018504
4067918197577048
4089679874351795
3497294026526157
4076073282639904
4067824870252336
4090660783061242
4067752039870147
4099244333862616
4069636776033524
4102887426215574
4067870659077360
4073614980458511
4071194841732871
3981965373606165
4101529890036428
4068253451491928
4068141317822148
3609718197568353
4067804627807959
4103653872533113
4067947284556445
4067931257991468
3608274638748273
4068142210307720
3372025848805116
4068195331872215
4067797216160884
4073604200982865
4067637300665035
4067882738564482
4069363360780803
4067840757545692
4071101111458049
4067756519668934
3478311549996108
4068084711656214
4068095469384938
4068606944177869
13313465478
4067713225333913
4068141257995250
3639823757492495
4067740002589773
4078351424136458
4067694548172030
4068567961339291
4068090910496523
4106268337771803
3784851683123757
4069374245793655
4068164004210701
4068487972475423
3491052571159778
4067928104633390
4067803130435340
4068638208082985
4067673652890402
4067614634124665
4106401514948062
4068056621834855
4070039685153771
4090542737939201
4078624900139002
4103544325930353
4067791504121661
4068095356543271
4068078835315521
4068112255342164
4067939550406923
3432061085960666
4067818292544741
4068075571726400
4074261851797201
4067737154794885
4072234337951305
4067843660261790
4067867798714985
4068569912205882
3990561641239527
4072288494306633
4068062821392491
4067909061858512
4067878548001437
4070626639456210
4068160162420595
4068086157975491
4067800987424578
4067762420310058
4090718320425524
4104449200870603
4067815608832507
4091136169494700
4068246216707358
4068116419858306
4067895170436072
4093680015012914
4067731093105303
4099265095658223
4067745466752081
4067901734597674
4068475908957409
4068674052677877
4068180273996436
3468612767492213
4068182567862800
4067761602534259
4068115676947503
4103007895565955
4100076811363565
4099236637431099
4068034199423124
4068082681466974
4076184708697581
4068178671742842
4068082286908156
4068116432351241
4067791541473249
4090651735820126
4068215673536318
4100073678361350
4104460504937750
4068221580056921
4068257042380881
4068208459629039
4103291925125870
4067776018429034
4067744074788504
4068131107908280
4099345723165775
4068421106318758
4068230391544952
4068244820304553
4067791172636969
4068184685852614
4068221567051230
4067746406675676
4097306095317243
3780536415659839
15526513112
4067727704073990
4067831337646734
4070068209503976
4068134821013619
4067747384427842
4069577115778752
4068085574695285
4069956700130189
4068077824407328
4068274142877619
4075565709013607
4090398655959921
4068229753738175
4068136929868441
4071176248378781
4074743030651486
4068094131568765
4067907777872778
4067796176240615
4067974019182434
4067724826834394
3408025488610537
4068336352720884
15569242850
4067803239385178
4067823661852838
4067653976804128
15572986296
4073785450260027
3826492105001566
4071136361050330
4089698634438430
4067918662815679
4090674956082480
4067735741314992
4068180039561134
3343003389702577
4067939496230244
4070799696486646
4068154051314952
4068183542068204
4068142785640220
4067716429569741
4067722977662677
3608998530514120
4068143649811181
4067835300782582
4067827356587753
4088467421535722
4104686745020845
4067791512524365
4068016482543452
4067936681492381
4067875524946842
4067729336068654
4068267922686722
4097666805437265
4067707756724642
4067721773165475
4068070312297936
4067897897054637
4067759366808066
4067777315199709
4074786579649274
4068049504651893
4071894481274006
4072039004270476
4067888174425479
4067703733932287
4067980344439620
4067790220681033
4067889122849427
4100017004789617
4067910005338806
4069730333039498
4072129782328593
4067819740317245
4068476941282420
3570746402146753
4067949775832912
4068539885029117
4067615913353265
4068136728452170
4090731587161903
4067750681364550
4067914179431142
4067765415072127
3507114980811544
4068249253306722
4074417586085596
4086301898907337
4067690270395233
4068530686622216
4067906927119136
4072395763357174
4071148738303928
4067818003672905
4067757017832344
4068124829063424
4071440628233097
4068084215912306
4067844196957004
4068224058084946
4076917713875232
4067666531098745
4101018356390285
4105086391169893
4069334575790496
3343499252617057
4068183546003827
4068175634665086
4078327888669301
4067876757506413
4068116542083241
4068137994897728
4090717939068518
4068174901571220
4069909170040566
4068241179131046
3990532760513407
4067661866905640
4071246025068437
4067774986719596
3788069805144496
4086584678188257
14358374938
4067813641537811
4067758947518681
4068162373274811
4068289284622216
4067690748008553
4067922840038292
4099708852659210
4067760286408394
4067740203816661
4067904238186134
4067968540813166
4097655880113855
4067693697353402
4067794263522393
4067889869283993
4067639640703563
4067757705959051
4074687652691846
4086390386561521
4067721585317328
3609555848629303
4068878335807960
4068092130674247
4068217662362504
4068276852571217
4102031989370720
4067962602080195
4067762219716459
4068082605547495
4067723182636101
4067704736316554
4068898565688073
4067731810124733
4067955354564146
4067786244473138
3663630577266850
4067623534899083
4068170865967148
4067795496434336
4067739355942804
3466035628070958
4067959523503146
4067789091732781
4067655307071371
4068133880514988
4072159258906434
4073762289091291
4067725360329058
4073960876571026
4099320644509887
4067839318948788
4072619814486881
4068139400971147
4067870558781919
4067816447566230
4067956445211012
4067792565370085
4067735543674125
4067709630879648
4079162640111294
4067744125185008
4067788450655912
4098719186639162
4067729524455653
4067786034019938
3609326151399105
4067741764275336
4073916437722035
4067769240818135
4067937478369245
4075003270432324
4067974765144356
4067750933133166
4078345634812742
4099511443678347
4069021626441336
4067723506082550
4072830607842739
3343007345372537
4067769043459831
4067740991938112
4067621596598910
4067750688799299
4068233919071380
4068370544293271
4067707664604603
4068090495282310
4078311146254793
4068114293148115
4068171969835383
4068155280785044
4067674713458435
4067743638385321
4067849209869227
4099627466529279
4067760587776655
4067957430390644
4067910660005389
4067866230375112
4078334776343574
4068190689039043
4067895221245749
4072567142541513
4067786935966616
4104447812272334
4067716954602776
3938048062339227
4067770763348877
3635257163211154
4079385391017224
4068131523400261
4067806422558510
4067886705795467
3708449701337354
4077574281570906
4068850289039997
3608732233170127
3398206576303217
4099387581893323
4067783253713133
4067753821990583
3370658484659152
4067952263003378
4067781949692427
4067746784753769
4100778551983372
4067787548412581
4067711028249592
4067784932183507
3450328555416753
4067619953433183
4067981966795816
4069624250935364
4071168216343424
4068967133607974
4067818414201768
4078338962186073
4099260590909581
4067766908373268
4073964135278945
4069668781974416
4067628035026462
4067961541390773
14880231895
4068198824894071
4067648461287386
4067709870541474
4067751578668090
4068080643027638
4067672952032084
4090679854628803
4068602703203797
4071131017540535
4067930721858257
4067870596127625
4067740421574113
3428886484577657
4067822013889108
4068561553388145
4099099097292409
4090688666282494
4068058173192047
4068156270262579
4067822047105557
7833400553
4076658044068181
4067853193650190
4067787150691015
3475002894226493
4099223324780488
3923528891632521
4067751737938210
4067667525112803
4071861505413499
4068259411902892
4068142969805836
4090672149792766
4067758612546970
3430009131763908
4067775607422759
4067735690276673
4068700720504865
4067887859817157
4067817332202377
4074712742886162
4067947716979992
3427947773547418
4069598900823557
4102730152261236
4099366996478109
4099988450174920
4067756175826365
4068143972439624
3437001787767683
4067744821507247
4067754006310296
4068450248825033
4068444695624474
4068165254832546
4068080147421669
4067699162095666
4068099856723042
4106589110065995
4072350280197238
4067913344990520
4068154575189134
3364431673529413
4067977727282801
4098420282506337
4067941299993686
4068102062487635
4068146955011431
4090669963682058
4068462647076275
4067733337898042
4067764278884881
4068169154881019
4067723598177606
4067725774818191
4073004130476856
4068180915519278
4067840296934258
4068126356347808
4067746327474851
4067748675665767
4069233257618802
4103618464253666
4068172791101714
4067771110945095
4067837134268312
4067779348808643
4067646209540637
4098660876504488
4099138855708888
4104167566217670
4068147118238632
4067816308539964
4071228874246342
4068084401247447
4067758935485430
4067706589739158
4068168491644752
4068619891294403
4071075950240643
3540164879895623
4086360422087401
4068107959617468
4067735820835335
4068155779715512
4067828070296316
4067948031471593
4078332708251091
4071483015359272
4090977628996724
4072370396417644
4076568366539135
4068160807640598
4067893035262269
4067798265225670
4090659268779107
3461529594946697
4067821732839724
4071194246226587
4067855063900655
4068275606218568
4068172149727736
4067938740685226
4067963633955979
4075615018140114
4067771036190256
4068169322401753
4070699444947854
4071819767879159
3532228455961463
4067897301078151
4067726417108376
4067746666814383
12744722476
4068452421079374
4078232254351149
4068147181083740
4067765395116211
4099275522664810
3474014876014565
4067725628797282
4067732380766193
4067785204167202
4093559063422195
4067737288528394
4068217607475662
4078346055327500
3343033270357905
3343113821210032
4068163018271527
4067649287551959
4067873414387373
4067918998682395
4104500345748982
4098687984405062
4067954797275458
4067755101219703
4067889104961495
4068061385913057
4068199400532994
4068101014293100
4067733598003136
3797416505160283
11540394138
4067940540754855
4068060883714939
4067917915500161
4067924652119985
4067908705476219
4068087118528516
4077514177167698
3628979351329799
4104533501968168
3497091541942149
4068117871713104
4067983309620861
4067813553572322
4067928976151610
4067721279116486
4068144908306589
4067957094970248
4067801737845112
4067608107961756
4091365450827365
4068304513148064
4073513108679469
4068247890441731
4090734975694896
4097652385919919
15454045065
4067928699904059
4071209605597414
4068163073319545
4068096568328285
4067800534796627
4074661740307670
4095416616167259
14063838476
4074062281482125
4067766065089605
4099238739309040
11299461553
4068497820883905
3984347960659436
4067756355378616
4067773149652934
4067949713633191
4067672448866393
3580028979803466
4094017815420861
4067627602748507
4068066431687211
4068165741340555
4067724596750452
4093308865225942
4068482511447623
4067909859521642
4067761330528109
4067775859338097
4099297479554145
4067805479391254
4071836335276813
4090723446047006
4068268219829756
4067769051687744
4067858117638885
4068536496110338
4071172624975450
4068087646887820
4067625401095779
4068078419902807
4067730682764964
4090970993479932
4067952145953937
4090656358132661
4070152817506993
4068082471226992
4069271791280482
4079367758399772
4078598178028880
4067873263522613
3718934299250480
4067787658027543
4078361821315683
4078269474622495
4067653834272522
4068173369850078
4067733580354403
4067769391612941
4067773442984435
4068443613352454
4067890195983430
3344026859159057
4079358991897342
4068135994545125
4072128359580370
4067760412150501
4068154923329216
4099388660379205
4069719382386965
3707949400431530
4068093477115713
3483060324060079
4067926853642336
4068243729318766
4071555564650921
4074839960695860
4071148808849405
4067799196053652
4067642140834054
4068344103712675
4073374814233504
4068530582203370
4067733635491223
3408926467045634
4068174003674842
3428859892674805
4068545316721786
4067976838236285
4067737146129770
4073740481917443
4078337670354598
4067928922201647
4067834814995274
4067852409561665
4094750392392282
4090735642898061
4099596504531338
4067773627312345
3780745795178471
4067916636731716
15114170788
3342924327094699
4067661996403560
4068150422999402
4072284517824930
15491830836
4009505240602391
4067792737629894
3951204029424675
3345489575915840
4068329167421617
4072818024872828
4068142739300614
3534821693167922
4067746536668853
4067777251978199
4067784474475019
4067762806205653
4067963562386551
4069504708864904
4069921892058889
3963013834341738
4104599084259179
4078314782006791
4067701032731764
4068276096965566
4067758000278488
4086289869039431
4071175044891584
4067762559730279
4068120102967737
4068221298324779
4067672587541650
4068134966816345
4067897838203954
4067776110975954
4067790065821112
4068286603597769
3494080736990257
4067802304647104
4071144291935184
4091615330640335
4067842225504967
4068854361975668
4015370447100365
4068303745990984
4071167457404858
4067775158730939
4067951659630276
4067777788704550
4068185118220326
4067669637920122
4067758268062051
4068224096695748
4086428331864947
4068548021909641
4067914653419871
4089570943820016
4067763410460011
4068182731471033
4067672415301477
4067686553777148
4067948139763606
4068177250503036
4072507289985990
4068124489937064
4068233248094970
4067914862104510
4068244979252604
4067737879882698
4067769333240255
4068317020874067
4067951445374537
4100924818865671
4067951395373183
4068070156822209
4067785841402757
4067893270277196
4104535175380736
4067884697238885
4071612896505521
4068482666329333
4067969606134600
4098306751177996
4067822440680263
4074157324994994
4067602499829636
4067929714104283
4104824704736387
3343018820204417
3788350270127673
4090763014455674
4104460429577228
4067625077903039
4078263741997820
4067952309787164
4068013450428954
4067747275446278
4067656070114880
4067633198444313
4067811082770505
4067886769455401
4067754204352057
4067758549835146
4067747791176728
4067865159861561
4067929580895480
4067877717911564
4068105866730292
4090694560174201
4068213463717070
4067921883480282
4067751527937812
4069651862496960
4067713057305882
4067795983223466
4068126322351212
4068919213989084
4067727951807722
4067733072526032
4067703025009272
4067781144002344
4068309470950756
4094017397002751
7388789429
4067936345621812
4068173702201078
4067647417400630
4070286817192007
4068519954489917
4071915264031575
4068116227466036
4067915927979516
4067954243415943
4068824460874951
4093520563887746
4067776563843571
4068302236160246
4068167405365460
4068339448456617
4067932894525682
4093552595746015
4104287623321708
4071825862434954
4067749183776805
4067732527451246
4067960350471808
4068098007341206
4067699950363983
4068528845885414
4037469756911094
4067918427498735
4067759912659918
4067909904935572
4067788525776577
4086290993232743
4067827118328498
4071028642281674
4067958608977386
4067737833239049
4078578188218606
4074770654459716
4067785191291902
4067966256054307
4067764421473639
4071367319672783
4067924811034376
4067799963627141
4068266219749946
4045388216882983
4067916553435635
4067828204734434
4074768863066314
4068288289970200
4067693408221002
4068111244507999
4067749809024401
4068625888878412
4099366463126501
4067858541148062
4067940846300535
4067804795720251
4073630680011874
4074738102044789
4067797070222543
4068351628215443
4068173869615272
4068107699745074
4071163627599311
4099357101755905
4099258845764289
4067830548211925
4068157116971340
4071189402588259
4090675501106738
4067901718060879
4068108580861038
4078306938638977
4099414882762203
4098637615655834
4067890829739168
3862373675142363
4067748365485810
4067903475053578
4071282604235585
4067783308054924
4071501219323014
4067943665146848
4067750144118384
4069216758479639
3990684719241641
4067691885271386
3859459246260190
4069716169773108
4067742867426784
4067736437096210
4074128846015342
4069356516358360
4068236825956105
4067725854597439
4068133239508443
4092574438253057
4068150029097202
4068109893638285
3600442313849941
3555750221336410
4098647665123855
3363721512980178
4086275613045258
4071144182958071
4068084387781069
4067729139000434
4067714391898068
3494066287400290
4072798760908936
4098676337568114
4067801797043087
4067802140855112
4068181558056515
4067908155447289
4105219112069809
4105092842206211
4067732587240155
4068256728266866
4068143393899758
4104717497547157
4067737099365121
4067645105615958
4068151324373079
4067837515763112
4068487939247002
4067633751638836
4068078033325057
3448218958794863
4068138896927027
4072147792527367
4067850123871244
4067793470813781
3796435147810471
4099434466058526
4067804824476064
4067771593990899
4067897183361480
4068095896654363
4068121498806511
3425591355158214
4068802989379642
4067746348488589
4067711150178563
4067833934115475
4067727469930655
4067815834922882
4072116443626569
4067741000743831
4032774265935505
4067758934920815
4067679607995275
4068936750977557
4067763292763739
4067933933551412
4067965614035941
4071724452211300
14683616962
4104571464631933
4068245823128682
4067664039229089
4068146589836182
4074981632200310
4067694891832798
4105150366993275
4067777146903170
4067750005006006
4068239199637361
4067722377216440
3601876258198409
4067675339098928
4068092382015377
3367671937554601
4090710976048411
4067851372971136
4067678722943675
4067843189877028
4068247081538152
4085990983134367
4067704392058416
4068091758017021
3766965179016042
4067756644964405
4079377547810899
4067728073721609
4067992050957960
4067955979086808
4074840967417623
4067862161424776
4073388642854354
4068301477319182
4067856511398666
4067733081325789
4067820712570814
4101248850136394
4107105802085234
4067938035602189
4074668271435750
4068127908165232
4067956025607074
4069164391931339
4068653017708669
4067737900997313
4067905405058048
3513173590370317
3609300125643153
4067808121497095
4067753424566885
4090682143950346
4068262998164695
4068067275249802
4067817542620938
4067924874587875
3607870345841091
4067891035377770
4067688605032687
4067879412214544
3427791234071978
4086296647511309
4067895686826758
4090650658026893
4067803490686615
4103072257648115
4067934906634614
3985536350194394
4067761283946246
4067934236055793
4067808767441739
4076471297528099
3929460040146551
4067723090070977
4067720523382856
4067798378896297
4067842468583346
4067783081455407
4068113911300531
4067740287550456
4078093016744013
4067748378554174
4068132143878180
4068169059097891
4067928440139194
4068016972433383
3990553119161855
4068134850159997
4068144097630834
4067754720012506
4068141061520409
4067839109167091
4067722201447518
4069406474401136
4067805844203423
4067779449647040
4068087848917861
4042068139293835
4067754372300103
4067973582772228
4067819815092230
4067674185679066
4068133017241481
4067833875182528
4098918491078481
4062530881910999
4101237471891180
3368447912842898
4072609702951009
9430264160
4067848839873164
4073947589139951
4067633152286634
4067799196403202
4106352064229888
4067750009394207
3981868691513912
4067721542667801
4099178370152278
4068156127553064
3609530930094225
3609668292852343
4068132245596429
4068182941658997
4067921666192126
4067688878218106
4067934378673853
4072073200606649
3497663754118843
4067857337706298
4067782792681754
4067726551006481
4076986345174242
4067737661778273
4067847511120956
4070080645732003
4067723312967274
4067800525816766
4067753012340093
4090687685343510
4068167405873674
4068212390361792
4067811179587960
4067661325169729
4068258208896255
4090689057446120
4067745375330523
4067704581051142
4067711724166483
4067668909302634
4067846663837817
4068174703607783
4067750906941729
4067754355076283
4071159387073378
4068692096651690
4067760352604305
4068159625298946
4067787595259281
4074478772282979
4067805663833114
4106532507408004
4067869711469506
4067850161903818
4069569083266911
4068130680760789
4067943224163931
4068279729610208
4067895006583480
4068547796155865
4068247625916958
4077582808850041
4067644082341305
4068019661353785
4067968931486726
4068170358869631
4103089122174834
4069705381963641
4068143460289320
4067788010062664
4090678323502463
4067807697942406
4067719605163877
4090668521821383
4068240344928006
4067750567505954
4067910965752871
4068004574946709
4068158710548984
4067869795523215
4067687254559499
4069208867998876
4068148632575192
4067929664972717
4067789369125289
4067888321231428
4067622947187047
4086395305240660
4067956042100222
15624978198
4067714639120073
4067732762978072
4068214260350987
4067908034754265
4089512495233132
4068222640784669
4099629174330021
4067830607487141
4068183436715181
4069673106162756
4067806247210113
4067723253668181
3413645482623304
4069774339894017
4067752593544231
4067817722371530
4067718682239753
4090669481547657
4067749653858073
4067800156401569
4068206052085096
3531299568529846
4099122367317534
4067777280972734
4068248176067307
3609344345861769
4099317369159142
4090723278607144
3400417350953506
4068122853815509
3500270640619212
4067956277422132
4067709833064864
4090378707398448
4067729717949667
4090669880357913
3434005393746583
4090659478576763
4067819525842414
4071245471154435
4067792863168503
4068088012270862
4067851801545782
4107272864938532
4067750261150312
4077229681492270
4078635305957509
4068081234457166
4067793944769669
4090677204149219
3606871078335529
4068207654769863
4067794779991727
4067660721030781
4068144009531657
4067730200354484
4072467083753886
4074696574010167
4099482314584440
4067761006917739
4067903584554777
4067869073190653
4067838291266408
4068190650696145
4068107892494553
4068135206038946
4068193418886795
3471293427410709
4067725888624835
4071132711775064
4067862640026557
4067880427249285
4067990998127169
4068175127515442
4067679809288933
3726492959953116
14216598492
11229487542
4068163077516968
4068135571357032
4090680424545268
4072151478196221
4099247135488811
4074762681051641
4067720263657991
4072457659234768
4067853797221696
4070455763836112
4067812550838209
4067767826928524
4068142822548369
4070458360377820
4073286721082279
4068208761710885
4072657940705601
4071162725697047
4067835326485639
4067766728371879
4067737443460088
4068180869562640
15112167820
4068268014080680
4067883967728203
4067735513895435
3401299023041196
4083760523748646
4068071787953943
15669078670
4068189770306421
4067801230829473
4067713188603757
4093500263861736
4067826912427988
4067726186246038
4069202988148830
4068273257340008
4067786823727183
4068228780702831
3597074308607100
4067669416535719
4068124971706740
4067732351864156
4068141157882131
4067960010495988
3423777558340721
4068222116688549
4068093476649577
4067793663975259
4068266668091545
4067683466833400
4067944306296682
4099659943584737
4099253435321328
4068419135105950
4067766648539715
15477333024
4099315981473336
4068095896653977
4067757399582246
4067851428331947
4067752371190113
4067752987618947
4069457011735028
4067847086339948
4068219771191317
4079482136697965
4067632866955434
4067889319462135
4069426980431360
4067797870337748
4068094555513987
4067787356039591
4067763997903214
4070787990398982
4068196375885775
4068114935488149
4067729130601997
4067710968635864
4067851629134719
4067962585733643
4073990215815168
3609386159181935
4067813079127791
4067848517444289
4071925678740897
4104543374959816
4067731382722473
4069544844373735
4067785069408743
4071175515005123
4067939538002985
4068189186383344
4067811111894409
4067825590887720
4068134292248054
14602112418
4067856422865344
4097687802980470
4068246561321812
4067749888562259
4102762784007520
4078335476799080
4098689774954442
4086685421399425
4067707609565330
4074261096491912
3473135486004959
4069357799129929
3788712553184335
4068131216987039
4069694350459025
4097889305683608
4067908327577107
4068082068269344
4068312696159061
4068517332589628
4070906273469067
4067743978461020
4074158251670870
4068290269704805
4099084857891484
4068259562950596
4067904192587406
4104896217456532
4090686162443786
4068201459340983
4067745147930402
4068326483867040
4067855735644409
4068331453878619
4067707072691856
4067756876216219
4068215165925474
4068172107727040
4068260112571516
4075096417618153
4099463511279335
4067726756681021
4068265480900630
4090750083855153
4067801046529555
4068106340563960
4067818507454100
4086296785477679
4090710003200811
4068237459131250
3748229314932755
4067728636010936
4067733425231144
4068180437524024
4069231966029847
4068875311995610
4067853323617107
4067784105299286
4068633736534620
4068195075854724
4068230366604044
4068125295687374
4067787436017429
4067736100992958
4069760214330192
4067817718522022
4067735971107082
4067953350186384
4068120844970651
4067755000679918
4067717126531366
4067763548796365
4067948807835258
3383304520748377
4067963168344519
4074066161627938
4068315112643205
4067786638303735
4079517112592696
4067904397851552
4092746366903690
3992809981278472
4067802660323204
4068223483164023
4068071364440733
4067904541087408
4071180459483791
4067893945800239
4067788462756788
4068136355483895
4067686264684506
4071185702419832
4068194802570485
4068109440670709
4068154441425626
4068058760792137
4071209995651067
4067750831898772
4071189187969621
4068209386352909
4067960173711608
4073008806908627
4074434191328561
4104453529313449
4067929795006876
4099445911954811
4067949176131960
4067797455532361
4068524122789836
4074781445816149
4067776567940736
4107441157243907
4067912207466909
4070912297099054
4067811111893960
4067773740579524
4099262079810378
4073756408593128
4067929564087797
3477092886486945
4067697739971138
4068104340095525
3787970769381112
4074982424206314
4067836610183521
4067766917530103
4067901424769820
4067866070149416
4069230880597860
4068098850101714
4067725930608963
4067782121779053
4067779654915938
4068081858893143
4067661279437956
4093571126587109
4073537683555450
4071212915267863
4069572485407951
4099103254438582
4067967945659942
4067919862684858
4068583245895759
4086558737390858
4099289560442276
4067750522006392
4067732087537126
3489731117912441
4070015928293045
4069009890311339
3405324528925932
4067774114172732
4068230198437344
4067634188738198
4067895946268998
4067752208001899
4068136624047346
4071382901832451
3403660751770501
4099244337691958
4105808575110060
4090750482062341
4071210977227110
4067748390523593
4067764073531722
4067806612547340
4067808361175922
4067797585976846
4067883455625743
4068122900033676
4068253779820339
4067953739584739
3432899464800396
4068134043784808
4068542742140796
4073959144100368
4067616739462963
3882314235244586
4068969395162938
4071146192152799
4075252856681061
4068290106441159
4067765570806385
4067845392036377
4105023069136570
4067662219323368
3660976937566659
4046007996328557
4067781378725240
4067659718875306
4068140386427902
4067812056368283
4068111584022917
3418045202413366
4099379100865151
4068620177261810
4067752568457809
3725630740889779
4067809640261174
4069757294427197
4067637422519736
4067791604512936
4068231201666987
4070527028812791
4068206153148349
4067733769608856
4067978696396457
4073563574651350
4067913684336964
4067777940178058
4067808322894726
4068184506399338
4067647164818291
12004801559
4067789319166943
4097638095684302
4067759795303661
3343214774046599
4068084640012809
4067747690833316
4070078150086365
4067819622953138
4067743051786417
3347892446824639
4078618160825413
4068242131414819
4069294624809781
4068116395002978
4067750009970631
4067740509880946
4068666603474051
4067821899512406
4102669192988815
4067757643437740
4067969682886733
4068128918767194
4067794443905181
4068612552091269
4068139697900837
4090586774686846
4068087667390604
4068159624841537
4067766388563504
12332859892
4078638268082083
3795668064086416
4068854059281837
4102532143864768
4067640471543595
4072085288605848
4067768704095559
4067710130958996
4072446392767013
4067707659921658
4067747216622257
4067733316314397
4067919535211060
4069709999640791
4067698873146789
4071603887428194
4074118951249993
4067755018378148
4069084180186768
4068123382639147
4067795542581042
4067799154622254
4067819949901133
4071130845755145
4068142936649085
3399701778460271
4068155984533917
4098660616742927
4068191221220957
4067686285662317
4068318019097219
4068020923670495
4071133751774464
4067737480990895
4090750562723422
4067996525400735
3795380980129347
4071041456823443
4067750471145504
4068108047880556
4106011780878617
4067699191477871
4068128583124385
4068132186616988
4067727637813086
4067668182907186
4067678585477982
4099282207983826
4071143684048133
4068216882243115
3354985547755745
3461651515146866
4067749955761567
4067952230245737
4067739012836074
4067767488085101
4067954087445715
3782762681121482
4068177485492730
3401142415999494
4067925923097652
4068141468190048
4068097449497121
4067722780239845
4073552561540472
4104456758966872
4067943715317086
4067829961520929
4067744066390834
4103379191975535
4068123822767533
11555327426
4086370572352714
3364899141760111
4090751380515470
4070864125385168
4072979166571800
4067864728083419
4067803926977981
4067685640133869
4067775431709188
4067984722651562
4067735149442142
4090710019307496
4068105846732397
4067783718847455
4068132107182652
4067925114177128
4067836173987699
4067764416964135
4067928083457300
4099296418774761
3469265036496331
4067770776374957
4070284657407087
4067798554491140
15473640268
9555381008
4068262264366031
15483648082
4068617177880078
4067794066597912
4072208282870442
4067816178840333
4067787796434501
4067744070992307
4106383316254299
4097760133315947
4075240340599674
4067827981518066
3483290449234471
3564172505550525
3819331836488241
4067923062978525
4067755647258435
4069869190572260
3482716915417264
4067813784720817
4071872431493209
4069060952625614
4067865743001416
4074862832585177
4067765788209921
4099077073404178
4068057527478035
3597344669071797
4071212458075667
4067947498213178
4068223361797957
4067721266755215
4067927781265583
4067785938559369
4067719978234275
4100450057496387
4090732522198703
4067619067423791
4068108710871353
4072548004175657
4068103518545643
4068275903543699
4068183373058617
4067781374832076
4067757555506259
3429408209678502
4074470262464746
4067686008627372
4078322348129321
4067816359202261
4073903481487416
3389520688590953
4068230978496921
3343038571625511
4068097302074757
4068091631993123
4070755471965609
4067949368916040
4067678652335829
4067786353996028
4104448223645274
4068054722046726
4067741490993709
4073357856688628
4068104658755161
4067931564454373
4068191476930614
4068230614138305
4068145654276424
4068109477744544
12177067926
4067895715200956
4067793697942905
4067922282510472
4068244530699901
4068123835113120
4102000671239303
4067948702220271
4067769815613450
15072111846
4067788978949762
3343013686922829
4069253935891346
4077988393592354
3367013167356021
4067959016760397
4067947896438633
4070046218681674
4067650780408705
4067856012250777
4067726664374502
4104751551560796
4068178286537030
4067767013764815
4073854499943817
4101537384554656
4099241058117403
4067625183117576
4067716774751332
4071150776131420
3710101661507561
4067753973075131
4067958739754286
4067619714068347
3426015349480517
4078313372759172
4071883567581823
4067781814911195
4103224434801880
4067642031407586
4067730246725555
4067753943899109
