4089576186756119
4089549644624441
4093577610703380
4089846492868111
4092804755880767
4089657123725535
4089674195000758
4089949458984256
4089708801821026
4089526303118250
4089872710978616
4090973308670311
4091050640007804
4089683648650813
4089655835502610
4096024156804354
4090222172487204
4089516169444308
4089514466748255
4091313836224174
4090059977682725
4089257116950894
4089662450118438
4090378590219590
4089586734394564
4089591914851678
4108097431515550
4089635640586678
4091408983797864
4094856912162389
4089525665334163
4089948833887725
4089503859653119
4089594451874000
4089539540496800
4090765065555741
4089629378204954
4089356388197328
4089534989598373
4089785255383171
4089685531794125
4105767675824599
4093804439354178
4090050038030201
4089346459787444
4104120149117728
4089519995299970
4089838795640805
4089650455412385
4102383035855449
4089521627103490
4090763459230781
4092569509971103
4093668329279935
4089460415174360
4089601981340512
4091122059872829
4089704359532604
4089523576847755
4100151821413424
4090577056232770
4089507064188773
4101856524983596
4089473459082384
4092044773102511
4089665000623628
4089525104459668
4089932806778146
4090265998640994
4091857573485401
4093492852265948
4089801260477770
4092348935642734
4089519881394399
4090190685667030
4093589577302117
4089861814009269
4090549349237201
4090677132217620
4089543630022918
4089706382336473
4089501623617866
4089872141101467
4094313199432488
4100074185527432
4089637636793943
4089663885060342
4089659770681700
4090267407840503
4089864917613146
4089532780090500
4089840054098140
4107579967782654
4090896813857390
4089623863082536
4089890624685523
4089661922234917
4089692683393694
4089991334954675
4089612685318288
4090375776048173
4093863734506485
4089657430045299
4090997648922855
4089595785951236
4089567353706022
4089611204479971
4089597418211125
4090430541467788
4089809008377099
4089498302840863
4090784615880204
4089604988056383
4091380979062705
4090204439181004
4089495190335633
4090662817596446
4093473332888050
4089575372802899
4089551666658020
4089604736960313
4090192526154032
4089693119813166
4093506492877910
4090764621558950
4089956882922701
4101916415406941
4089611573656953
4090918803625890
4095629464922888
4089565688405393
4089911692781105
4094615428178482
4089539964683446
4089662849200994
4091078501805993
4089828998042533
4093299319554561
4098672079257022
4089642271685185
4089896824387357
4089496859275833
4092562690785999
4091410892086990
4089586706213981
4094337022711950
4090229168795745
4090062902198129
4089566984332684
4089526680632329
4089648706260685
4089827244403101
4092213145292857
4090194355620585
4089552887476545
4091126049129925
4093869471690066
4092197982680145
4090632311987691
4089499874607935
4091881908256398
4089484133294254
4091708238792874
4089655748281231
4090006090500789
4092345735930254
4089611078198516
4094668570814726
4101832706539332
4089581613268824
4089531990658666
4089970367506646
4089875114279983
4089835457329176
4089607358098651
4089301148975076
4090284788909629
4093830045693240
4089546960383637
4090939830397440
4091982375218316
4089635522547550
4089557840457580
4089614425159924
4094562676879166
4089690594341186
4093563207638741
4093609148610976
4093971125048677
4090503438198394
4103614441724717
4101829476122021
4089563276464590
4089652954409149
4089519831474911
4092522873453162
4089495714304673
4089864816938320
4089933688288563
4089933348088446
4093264498092277
4089711968272660
4089554200375366
4091291836879277
4090334055466987
4089594456068846
4089651263839701
4089885054686975
4094342031839968
4090911791773056
4089534230586586
4093538805688343
4089553603796492
4106586706920805
4097940122775667
4089589104847841
4090947547818366
4103467558075736
4091048299060334
4089825684046437
4091345574121733
4101760257115639
4090385317318221
4090379358178147
4097447783305274
4089844022395898
4092424957526421
4101894165206025
4089572142831975
4089517876754465
4089644490828397
4089542430447204
4089626639766625
4089553956406628
4089961118396085
4089927098635697
4089505839807364
4089675993719807
4089507186058496
4094650677662820
4089893984162594
4098272379325297
4096397505007080
4089892822907544
4090586036279423
4093602936132212
4090170175720791
4089534918426592
4089903400978025
4089307293427216
4101937068409913
4089590924529219
4089537271989552
4089975262195562
4089641881398347
4095346009703013
4090926147729322
4099661063752063
4092676859742121
4092871344266828
4089534616951568
4089655270531625
4097991814082394
4089882152440716
4101832995441552
4089589859781399
4089661985278656
4106458230329493
4093455049732554
4089564546741624
4089633379519795
4107810272671050
4089521702488470
4093285699679055
4089641915341304
4089661703694367
4089563766797065
4089573744816082
4089608902184303
4089818683644639
4089609418263389
4089515394576111
4089588606032077
4090220603439759
4090690646912989
4102186021318443
4089662446496457
4089871988979366
4089560944554629
4089686576435897
4089517470273893
4089708575344107
4093307099196882
4094755199041052
4089546390252634
4092386638365240
4090624485906389
4089882970643268
4089694076228635
4090211803881344
4089626027869125
4092343239417863
4089771628399819
4093628257661639
4090879629646158
4090949862325672
4089808337302539
4089987987650845
4094377636621003
4101258895520395
4096431075657037
4091361345027614
4095629254528325
4090071806735161
4090912303246094
4089507483808561
4089973956684603
4090236563049812
4101269423282935
4097493639934579
4101891040254321
4091416064217765
4093418315582716
4101155070046577
4090673868741109
4089690845485458
4091191513500615
4090685470742424
4090238983149090
4089472965100058
4089494846620111
4089547237755603
4089490106651036
4090695607836644
4093487370648955
4090892979791942
4089614908165954
4089874401891632
4090321396381903
4089933284616090
4090283232837385
4090773492548757
4089693782233697
4089606393068935
4089591406936739
4090060179577812
4098235742070474
4089588270754281
4090023052200086
4092832165606993
4089612567105181
4089962939109660
4089557856608826
4090236633775847
4093274908265974
4089678434746757
4089873969335943
4090160902004734
4089556485536463
4092148469166281
4090014319133072
4089949659349340
4089928880919678
4090210297500187
4090339507149489
4090316350905037
4092541366155986
4095100512262712
4089702258574297
4090430851362283
4089912544372915
4089566942095818
4091289379798542
4094484130127903
4089670877499433
4089578199748107
4089529738247435
4090177745762291
4089683795997488
4089927228664269
4089545186615944
4089566279347627
4089557874243222
4089575347268696
4089665751272518
4089635175572883
4090007637995161
4093328687377962
4089540911895075
4090397120407286
4089539406644233
4089574772951090
4089606591285868
4108139001936296
4089501220907934
4089836871284921
4089501817696327
4092967964412928
4093876672915931
4098908617649187
4094043027617976
4089785059055600
4089482674044356
4099797797035147
4089484313674541
4093627917309855
4093476947268837
4089507206245757
4089545538494118
4089881397793735
4090241390621109
4090257022802037
4089611493621379
4103863369588106
4092248981936636
4089827085303055
4089476357436539
4103992105753582
4101134161864733
4089475652674116
4091964494820971
4094753547086073
4090698770847579
4095261510253200
4090016156326636
4102685437255684
4089859159703613
4089545056654869
4089979442963926
4089678535805810
4089521983979152
4090289365413816
4091458632008610
4089730826382376
4090803767236718
4089195356321772
4101855417948094
4094218035532323
4090955860567559
4090258569812861
4090984012419087
4101820185641008
4089513259461032
4089832143405294
4089652271204238
4089642641082049
4089506514473139
4101827513883924
4089549212895784
4089609132335835
4094987316674776
4090758606414544
4089506900611975
4089853585037781
4089513359620429
4089675327126555
4089639872948243
4089521744739561
4090185546936068
4090454720752977
4089672877221116
4090217889411987
4089522326975946
4089832542081292
4089582058327492
4089510121466743
4089819531126911
4105979119129247
4089397211588652
4089875793927813
4090202060608649
4107392474157747
4090369774201788
4089491775314026
4090644890339759
4089681551109162
4089476055338112
4104697080518774
4090201766655536
4101266681000173
4089861990779716
4089979849954615
4094360259250414
4089794877402871
4091610910912573
4089595949803264
4089614124440072
4093094250710348
4089629936421261
4089538580465452
4089633191210985
4091008948293733
4089881636814729
4089554648203495
4092579844633423
4089553729811636
4089508435943075
4090879197705809
4093676038993760
4089671027590153
4094912200599381
4089682419163925
4089528996576693
4090259106497636
4106059993857524
4089951332958231
4089525183250204
4093570836900252
4090256330066260
4089606960490499
4092888888944163
4093917702471268
4089535895387640
4089697993149631
4090167863554056
4091749632772090
4090919068317357
4089659502530874
4089852838397198
4090050998874305
4090523335576162
4103310388574100
4092758262319672
4089513511419844
4089496087618763
4089656238214454
4089590215904852
4093453447026503
4099776175460841
4089523270760630
4089858903206178
4089698634438430
4089591273260509
4091829832009890
4089583551587451
4089845259667438
4101832383318404
4089928508414063
4089828138398561
4092098318313615
4090805843641964
4089511225568650
4089581886059892
4089516455304861
4089543597167548
4089521345611139
4091373269587958
4091408400308801
4089582624739975
4089837625137687
4100819169579932
4091329933527081
4089820327951267
4091387110314785
4089670188782333
4090395811505459
4096483462248537
4105164723913645
4093955660263325
4090169353495345
4089862702761325
4089734387148110
4097450656702187
4101885616577275
4090614528134432
4090665870733714
4090041216663505
4090780979344803
4089910875452853
4089888733103555
4091129798807252
4089820055509240
4103362619920077
4103396494086909
4090205407483969
4089588257127362
4105861607274063
4093588012966602
4092072611016126
4102131814329064
4089654456637625
4095013027776341
4089693085994868
4089614304003457
4092468704544729
4090406918811625
4089863747266805
4090295186187817
4092506549750630
4095769210414307
4089652094895480
4089668784270231
4089444384579781
4103046931413485
4089478580489252
4089587430981545
4089523337698156
4093842980988460
4101861647173002
4094631576402492
4089927170000824
4089678729202947
4091647014373839
4090020061757170
4089228571196593
4089848987414613
4095641649293502
4089477653720579
4089577658905493
4089597720181137
4089491671169538
4090295748647538
4092486119237211
4089609237381545
4101904974345182
4091352625183161
4089522087628308
4092384167678180
4090569989107946
4089858295636477
4093681097033421
4093834596001694
4090923061451482
4089641722025220
4089497002019374
4089863903147146
4089475066068415
4089954554855882
4091324090942177
4093805072929104
4092811198938049
4095335254798137
4089588337700871
4095370641818214
4089916168304385
4090030739977579
4094549913607359
4089567663180034
4091301626188694
4089621061592456
4096398678991785
4089586827358027
4105952225465891
4092552028787532
4093505343501505
4089342936768588
4090036087394961
4089512914726051
4101656415212758
4093694343203722
4089645174623475
4099395144170498
4089608339949909
4089645895472190
4089586751174057
4093881124035028
4089596578897004
4089703818364859
4089818247401703
4089697690456289
4089913240680223
4089490802956671
4089568657734134
4090024042075536
4089625570681144
4090549088723254
4089271784780371
4089343302139167
4089573757549343
4089604237772297
4092941780199948
4089485022968428
4089715454320756
4089861269554367
4090065397096646
4093491283864057
4090409703737300
4089634772330836
4101941295896273
4090580000900284
4090260117714749
4089519769312666
4089492136945102
4090319442241730
4095054752525761
4089569475742241
4093836525883027
4090794824822726
4089645400800464
4089968123381290
4089690279912713
4089522222946452
4091308723251534
4089950686822826
4090410659688968
4089507672995807
4105993564137564
4101917263744423
4093441220742310
4090727404769291
4106163421772708
4089552869738067
4089483236221763
4089826669809041
4101831330174804
4091698134779424
4089575788184696
4101930915662591
4093699493857623
4093472720523640
4093821048448564
4089511149313684
4089894046806219
4090408168143564
4089734165058762
4089617931783982
4089607232328828
4089553621222932
4092263548582849
4089558288988003
4090304807885428
4089707371042020
4089629563209421
4089524705797689
4089877744333200
4089612886151117
4089476937004272
4100962911631048
4102356792566811
4089541868848905
4090203193149698
4098756565733664
4092533493017944
4090175825581529
4092196954774702
4089636634768816
4089810748449900
4090397569193980
4090925183987900
4090627136399825
4089611338448491
4089570964422081
4089514031126065
4089677180855321
4090340991844190
4089816595444927
4096782239043667
4089558704441310
4089574252773169
4092175685874604
4089585829631323
4090196343662262
4089556355670687
4101821233921928
4089497853656208
4089594524086000
4089512160857640
4092020329462800
4091468060383065
4094942001315071
4089525733525268
4095209875269556
4090986231741269
4090592420015876
4089874497890992
4089827173288849
4090068568785516
4096530224890592
4089517298309710
4089615108919746
4096688300052338
4089456170090798
4089641441518288
4106549120848196
4089962242641202
4097175187271843
4090032891039521
4092926214300490
4089502152173775
4104108548432610
4090515408377771
4092182837532867
4089645890964957
4089586466212995
4093474808904476
4090042038889999
4089592904586930
4091847838785376
4090811434151664
4091689540442396
4099974557352440
4090218338986829
4089839588016269
4089641701339174
4089837697029375
4092387065683050
4091375887314591
4089529893799478
4089598701958225
4095640428383023
4089527976456929
4089503804703332
4089536680228403
4089629051740993
4090905877522119
4089640728415439
4089552861990398
4089509722930093
4090974005477285
4089920471211006
4093241899374744
4089635766920653
4089952054059661
4089586063533910
4089539959746998
4089549342737657
4089515960043692
4090619288843119
4089693093779137
4093541657861128
4089857163085668
4094941313572997
4089516996417703
4089451745656914
4090020128047026
4089587288115346
4089846287255104
4089542753763798
4090260197965257
4089751928262480
4089829925318810
4089512365744398
4089649460297141
4089803195018276
4090905222701738
4089669211897564
4089622311531069
4093817634392804
4090400602400409
4089607399835732
4089494740841115
4106540476689652
4089980940249762
4089570935002512
4094601926608126
4089594368725072
4090228895484640
4089596331232247
4089492640259265
4090179931811901
4097490972090589
4091081404054403
4089575183380030
4090532524941206
4101379121443949
4093081298560428
4108153031357622
4090946762645308
4091127974092408
4089669359018867
4089604594122033
4090116018598682
4089599812941054
4089629643031992
4090358894031210
4089891983875331
4100852060781477
4089919717151283
4090280103431130
4089863667713434
4089644876314852
4089997306383873
4090596320393921
4089754280573644
4089601155175140
4101842570577888
4089906093243051
4092016956175709
4101430866023373
4090414041031383
4089574290723263
4089909729487524
4089547031279006
4089512659523888
4090055594709411
4089510188657788
4101644738194518
4090961224973146
4089872048321787
4089507299220089
4093826148461951
4093539086263626
4090520827516803
4092453307006640
4089596940292677
4093825112602000
4089760651846661
4089819111908408
4101124581515573
4089534452621318
4089901241025570
4094542578015224
4091027771934132
4089633132391818
4094377825571347
4090187438979492
4089549413781224
4089520166965828
4089598626125112
4089716195929064
4089552178565181
4093694632333919
4089573665803931
4090165952135050
4091307553246310
4090012839144455
4089919519785753
4090962416228093
4090207492616769
4106018629353459
4089537611793818
4102960541690589
4090046459465299
4090922172189559
4089521639709490
4090417157300637
4089598743255661
4090207436949269
4089949537453557
4092457564008964
4092775387667752
4089500155666631
4089514358286946
4089907531692737
4101827156769008
4092416522976360
4092426396596978
4089502475180907
4091017013913008
4089468854651948
4089577822662399
4098229081803805
4089426969210527
4089700665169690
4090291352848124
4090189456258291
4089492111409277
4091029101358572
4093921359775120
4098227450193593
4089672768216945
4089604129395188
4089504715964583
4089556900597429
4089527544917899
4089542653205514
4103618464253666
4093485524544003
4091122650975675
4091021816397232
4089652811498673
4089323017531322
4099011281047414
4089848811784381
4090012888242121
4089711955376077
4089545576728222
4102636854155984
4089633316972264
4090437134404356
4101906512902178
4089528287063535
4089641386395431
4089511065034797
4089634768517015
4093974660031023
4090811501306649
4092649692578289
4089587947419516
4089504816217005
4089526068881357
4096922267052517
4106578837546660
4089597900555633
4098605113039700
4089582997304369
4090431346674858
4090940999978503
4089794869271210
4089854776567873
4089323072068428
4090363050699145
4094189232712463
4089494754459486
4092337548601539
4090013526472976
4095253386576679
4090941889986000
4089592543921549
4089847872636698
4089285039246117
4089711276859689
4089484486542395
4090709759230179
4090287334559288
4090661726812894
4105760735090234
4089704276747716
4089990588256263
4089514840578200
4089754037183202
4093366909900187
4089545182415198
4090752437152815
4090370180632705
4090738251793718
4089546582851179
4090011818982865
4089632335667224
4089590849527866
4089678523198126
4092891951463037
4089527671206343
4089577096965110
4089510281756927
4089493222686963
4089585435289282
4089559766121286
4089936644352001
4089719132089599
4089512378132041
4090016693309920
4089691848714056
4089580984666774
4093120226449348
4089522436401572
4089662890648788
4090244153992148
4090841108848777
4093269711398606
4103391397840632
4089527394227984
4103606187868811
4092372612813677
4090198126267370
4094125080606250
4092898473505302
4089557521890164
4089892792795624
4090953293712427
4089524219159402
4089489485746780
4089584712734477
4089704946840650
4090926123270570
4089481369840710
4101881833890448
4089526802235128
4089702888109480
4089539809221291
4090278115897373
4089640723890566
4089900972188319
4094413187452799
4092009780382357
4091015717908071
4089499459784865
4089543592966196
4089480187165775
4089837256000147
4090285493891627
4093493557243627
4089542602419203
4090987418247214
4089666342736874
4089506057101729
4089606951469997
4089599410158209
4089549338531331
4089505621133752
4093608652605989
4089526937174259
4092046517848742
4089849541754911
4089498281838990
4102183023108668
4090633897156735
4089545346226445
4089841291087511
4089505008691743
4089490606038123
4089531772505437
4089799461047458
4089446201019055
4090007441073229
4089492769613259
4089583987288044
4089574466064776
4089372434955535
4097851191411936
4090692814689202
4090040457797506
4090254950874852
4096597060850120
4089889794362252
4102882612071872
4091318093566055
4093172991386543
4089589603705303
4089636060131780
4089295859795148
4104124809652914
4092060162804855
4106709771769354
4101636287204885
4089490887026878
4089503557380071
4090176626270262
4089715852410005
4090267696526214
4089536508254168
4089504220275107
4089515692001809
4090662313495500
4096402588317246
4090549395124239
4089591419690160
4090306809104412
4102176240410762
4089670805709575
4093749132869438
4101872782512275
4089836845216354
4089909847454817
4090998278097039
4091339572453473
4090414019449629
4090416682573064
4091055978226468
4106166936706003
4101915815983940
4089571522114112
4089928142717315
4090078282222929
4092062758304838
4093215516460791
4093669537897220
4090020459552717
4091876892163909
4089636144291025
4089588950224377
4105525697848944
4090256821391351
4089554041000795
4089548072368048
4090812764247096
4090992769981993
4089518027519685
4090596605769490
4089232177582088
4089660730897725
4089540253753041
4089626643966946
4089493071962643
4089502458589534
4089819640897177
4090676104558551
4101493936757399
4089923516076029
4089522113952198
4093181513658084
4089588500167071
4089668738269900
4090067163377337
4089812845373308
4089543604320861
4098981900868116
4094633484960239
4089579949199379
4089843555993629
4089514118722502
4089629847725328
4093464159633084
4104281269796214
4095374962224510
4090225578375162
4089540136386720
4090988962697116
4091394426078825
4089712626790987
4089357109367632
4090421468244391
4093500398619054
4090158754034887
4089847788378592
4089968722350733
4090051866795598
4093741679343846
4089545190685617
4089352474996408
4090267730084745
4089924917519472
4090049643419452
4090176529393968
4089936146025401
4099013752639858
4089626199370996
4089553382472136
4089515960427553
4089603260618199
4089532364593855
4089775302090714
4092178881900913
4090370973526962
4089482304591291
4089557949307497
4089830339648479
4089492736471679
4089546956600601
4089608931710646
4089899294495014
4089526927994483
4089999618201578
4089652120103181
4089655270030081
4090311606660942
4089677226950776
4089590794692281
4089806659520302
4089531441160224
4093442751539251
4089574760839417
4089613323160820
4106190042601097
4089787768227482
4089547879403422
4104823181808275
4102623474441069
4089626727794456
4090560257554028
4090347338896111
4099120681315996
4089552987774534
4089647711812144
4089593277575226
4089336368461223
4096239262022910
4090237381094988
4090571490390487
4089863181876459
4092579769287437
4090559624855552
4089557031191507
4089600227758779
4090002516572213
4101899122232868
4089588949016759
4096037674845158
4089876993700622
4089620712998142
4092721750836572
4089332991776974
4089923328526033
4089565428008250
4099065216602088
4089617068400457
4089310212438222
4089420548653748
4097095251642583
4093564541102366
4090079247282010
4089562420221148
4089978097118628
4090200915881322
4089839285994483
4090914740348968
4089491935929966
4090003405472527
4089567525235141
4090979772250118
4089670805711878
4090217499318154
4089590144550185
4089648882516556
4089834387656051
4089453079769363
4089640586197289
4090262601051284
4090014633311997
4089747666807426
4090964488769583
4089829740399771
4090378229945110
4106901832163529
4089524831574472
4089357230693015
4089678812453776
4103709748680689
4089660587827541
4089886874821380
4089864674850120
4089685137614337
4090381974913669
4089561733216338
4092099735844515
4089473413308059
4092759730147339
4090189494522606
4089646772747797
4094735716850426
4099412379106354
4094364231452269
4090218786636270
4092181160108937
4089650647190778
4090920293048437
4100098134939437
4090064927425473
4094272355486550
4090640767635422
4089669317250088
4089509426149491
4089870492602919
4091286187057690
4090060468491344
4091770403350444
4089495303761568
4090037593559983
4101884845521630
4094649411135288
4089627499763990
4089671988654014
4093446686153784
4089515339256247
4089826174827266
4106897323890881
4089921108938585
4089611254684701
4089903580943539
4090309468542795
4089591982308921
4089821658339812
4090877952106639
4089514416619447
4089550231638727
4090344570869496
4091474352684243
4096213923513271
4101827374932153
4102987510901234
4089516127776511
4090549462588680
4093441945682430
4089711649497611
4090590440149871
4090922553613829
4098021844584847
4089511753769331
4089550068084326
4089594201143225
4090536413426893
4104795846919436
4090591808157070
4089893149771522
4092184690687833
4090428926495756
4089496754768897
4101229980492723
4090242531008381
4089890393927311
4089629756543807
4089857611306928
4097804068659155
4090213779267969
4089835692212553
4091439186480627
4091689687560111
4096457017856048
4090096275564938
4089735972130692
4089827740067367
4089821284922744
4089491079223641
4094017397002751
4089604585718999
4089462743318084
4089654992852431
4089826926039648
4106042286181028
4089835548999215
4090573407366140
4090543690117897
4092958292428918
4093936739979691
4090646270478934
4090009865341322
4089595811151125
4089670133997599
4089547854079089
4103355003902948
4089575444214656
4089879929073993
4089849302840865
4089514299386286
4089669202969113
4089565490585598
4098267346138060
4089475518871643
4089698831481279
4098560208973336
4089303913073283
4090949321843388
4089561145097528
4092231205697395
4089533735610012
4100822864767916
4090668668832131
4090028168250538
4089301698087299
4093880838384051
4090561206067041
4089710550868533
4090239914073012
4090177582636151
4089911781008380
4089892927031710
4101149566928692
4104043976896265
4090251578406996
4091481209886177
4089644334920949
4089878700075671
4089555680985662
4089605563258190
4089593277575147
4093101804402044
4089851404057123
4090209517280556
4089476840234252
4089847029133737
4089887580191435
4090507376917098
4090554117578983
4089987836202304
4094383433434895
4101884882937795
4089888704552672
4089635179478273
4089813898203754
4090162810520955
4093495666489615
4089645039947418
4101701595852871
4090289209953876
4089913400195536
4089525821253957
4089823201515422
4101844114660926
4089603645964583
4089526882062955
4102859010751633
4101766150602469
4102685299413339
4090177029004818
4089500139221865
4090774675656138
4091596415173029
4089670176429913
4092196711458130
4089849247757881
4090991587781923
4089703088917171
4090645469632713
4090154019338520
4108074060638055
4101887361699704
4092337950343621
4097443211298873
4093602596381896
4089585992389000
4089511203687653
4089921167480427
4090268557466175
4089687965158700
4089554510217257
4089611464123002
4090334755546043
4090946033415162
4097851371935032
4089625897402007
4089642464681257
4097468549727766
4089626425601436
4095988983324418
4089768512504830
4089539733868770
4089499132668268
4091327324548669
4090690159844473
4091296358210119
4089668297992461
4108010349348302
4095422702409401
4089684383162098
4101904164371194
4093205966517727
4089461698204508
4093581256052863
4089691248984137
4089959781043230
4092462303932938
4089815290659349
4098355829835483
4089508020425551
4089498373093919
4089483471558439
4089622142880821
4089519668459327
4089819527823475
4089942668395868
4093060424381395
4089563049887618
4089703982840349
4089842730017024
4089569694128675
4089495064564387
4089506573700361
4091727968953707
4092939183969951
4093586041578870
4089831602773777
4089939719296693
4091290499387609
4089510499157175
4089817719239543
4089514420936789
4089928424401950
4101845540396389
4089482934798820
4089908899815895
4093595587334934
4091769178073336
4089975890800652
4091635246116050
4089549372751514
4089489155023919
4089518363659916
4089828125449042
4090414048539601
4090397888211093
4090549080326828
4089515779720408
4089951282553285
4093443259176282
4090216291467326
4089702808294021
4089891379927617
4092858439230598
4089604954672327
4090244229947652
4089795820522987
4093557952265518
4089588635179029
4089468232773652
4092396465643543
4092172888241826
4089883951912343
4098167593109895
4102675211269074
4089684370560367
4089828398059538
4089662764848870
4092620655839524
4090593883640860
4089579110001760
4089860082556488
4089620704878405
4089830717174410
4098395313870199
4090763450822433
4089673221977468
4089656377280951
4089768830410511
4093481666187633
4089933495011562
4089543172934963
4089695824513454
4089854557958443
4089559748800620
4089943997101046
4090642034409036
4089633606088859
4089598939856151
4089522046074648
4089553973773735
4089878029718645
4089708714023282
4090200630415843
4093606308323667
4090598913454574
4091278721900102
4094715819039267
4089451943164739
4089485589305539
4089968399985119
4089561577337880
4089643042888988
4102342004109959
4089867589391943
4101796026581094
4089701914695148
4105451542763132
4096193187078167
4089855950398452
4089972120839883
4089679399640581
4089538198639168
4089888817277741
4090651664263003
4089591571163995
4090400304316658
4089613243064860
4089623481524142
4089547878579755
4089541642628211
4089474063069912
4089585544248944
4090686812671028
4089521862130384
4089666720749076
4089496586525603
4104029749526040
4089933767014979
4089677328303839
4090424311811120
4089973743333553
4089525468174621
4090612556621087
4096856172338389
4089838884195280
4094162708495944
4091793584772161
4090552724643920
4089586554015910
4092335908341434
4089571980045142
4089176619718807
4101847113279366
4090734099457314
4089606951470810
4089644742121256
4089551821852224
4091297356403233
4089837957135935
4095470974287156
4107970394552603
4089610038575193
4089560562787432
4089556363514174
4089571429687662
4090951007239302
4106765690099830
4089672819177920
4089824182718771
4089511413211929
4089573083093014
4089622483337192
4089532578714733
4090630366193207
4106543403773085
4093602591867468
4097867414561625
4090446945225474
4090379726500217
4090103020546981
4090416779231202
4092542113107453
4097542062883912
4092764365355591
4096211117458440
4089932735363194
4089972639780283
4101889207519641
4089483341726554
4089555794153489
4090651332949369
4089631656122176
4090538674014670
4089297441870002
4089320236674219
4089694599755690
4089473085656547
4089703113853806
4092023361996859
4089701231536395
4090917307034541
4089468069763851
4090345630755244
4090944833674662
4093911494804814
4089613163247317
4089677592276716
4089666574143208
4089899424718831
4098898144004519
4089677357386367
4089673784221706
4090030119263810
4089556142334678
4089648986594037
4090003053265972
4090966912220334
4099825492326159
4089733284017297
4089922246396251
4089587377323584
4098219342188716
4089836476550085
4093514784555966
4094052821343352
4089578102889848
4089557395706882
4089296804304742
4089559145480364
4100012563201348
4092397857896207
4089534319095221
4089502185733012
4090007340065598
4090922204929969
4094636731630259
4090286785728009
4089903946028537
4101866994556324
4089669886726669
4089648236404838
4089575984687662
4089846521530147
4093935544611567
4089632377679281
4089866163962960
4089511594430998
4103470456440529
4092909244130401
4089845737000490
4089552269875406
4089394429883947
4091018846442149
4092409844957483
4092387590051456
4101850296567104
4089668477450785
4089634587361828
4089510549837518
4092745335203472
4090414807798819
4091830716837629
4103054342956991
4089506393030045
4092945286728788
4092600573093129
4089475199827722
4089595908051289
4089709607362617
4105223863801089
4089711305421912
4090115506984611
4090331950198706
4089655529535352
4090160860018387
4089683119476334
4089495772522756
4091844658498284
4089605533860133
4103439342855789
4091883372215604
4092778004665602
4089670591592852
4089996635807452
4103072563604353
4090385737144783
4089579260226149
4090604080260628
4089499786514716
4089838641230006
4089509060632601
4089809251457670
4101407559333484
4102905151937546
4089573892416221
4090385950984063
4090063752805455
4090021545476328
4091264154927593
4089878389664191
4102271544024916
4089541205992459
4090652591444590
4089804285399342
4101886527710031
4089573455829897
4090162185540254
4090073128077871
4089505599858647
4089618883749483
4089549715962319
4089612723133072
4090765418474007
4091333129487620
4089922274916911
4093307959572382
4094745787924969
4089514794695774
4092742097930253
4089926826275925
4090668521821383
4089806021527893
4089536583919632
4099277146294872
4089581743780484
4094236800915013
4091263634226737
4089686386909270
4090809953845709
4089568334741672
4089594615472937
4094909713056116
4103104230697203
4089497354344559
4089688757806592
4089695954454182
4089692314018583
4092379478833350
4090970657980389
4101902109707097
4090495652932073
4091516307931839
4089660467168623
4093835464085480
4090700645242911
4093776622507999
4089533396572976
4089512495233132
4089630867401188
4093262383645091
4091452038234263
4089982433774775
4092757070328172
4089865945721901
4090249494242149
4089559778560952
4089933863858654
4089591244020612
4089669802948205
4097247178531936
4089923562646501
4103637725305031
4089484893478545
4104130600926420
4090033251551830
4089497342414007
4089848656651496
4089541930816159
4089818604312987
4090529698644089
4089567314924527
4089554820077266
4096756389634542
4093189314722017
4089534553443313
4101811721279992
4089544271939609
4089671267412539
4093554349594311
4089619916148811
4092502409432590
4089549237258774
4091785443612002
4089877979483247
4089878037786691
4089722173088395
4090615186498877
4089608386592097
4089843770715420
4089514962001203
4090079703470723
4089835339261628
4089534147036651
4089852310343547
4089838065585352
4092468078858525
4089650576242267
4091635497051551
4092212695807039
4089693546575054
4089515457294844
4089928172117689
4089578992003137
4089485824260075
4089553432623832
4106577608207351
4089677759244680
4089474616506982
4089868592494977
4090598094718408
4093140861768609
4089953942163591
4089593831296889
4090207760047351
4095857123543698
4093946436913288
4103123981032163
4089667266083346
4093571751088449
4101867971534161
4093322870334476
4090617124583206
4089696169227496
4089548054979773
4090010933941993
4093485524544145
4092873412718338
4108019555407439
4089670339863199
4090564691857843
4092391020987152
4089806613078576
4096538169389285
4089507802548526
4089496641821711
4089695887239093
4089535145088198
4090738705134069
4106222468124550
4089833687153007
4089739945039822
4089496057775327
4089499903972080
4103586327842559
4089704771509160
4089987216167463
4089541046054016
4089955875987685
4089578337913616
4094189479981487
4089881225917705
4089571098618485
4089965644108028
4089559580764511
4089626785761284
4090825589134172
4090024036743313
4089993490296880
4089584830847082
4089517588214505
4089965451882134
4089527389708068
4101816881055652
4094172073465015
4104472743778828
4093659396262318
4089571304269167
4089968190190722
4092170585864797
4093833329931700
4089873788964477
4090196310332256
4089506002567642
4089677189268298
4098974492948439
4090023617737727
4091481008441648
4089896182487629
4089556372133743
4104213040345704
4090440809168960
4091499702483113
4093179810040652
4090188147973964
4091837121929965
4093461672012883
4104862650711677
4091000895448432
4090054186283909
4089473861938104
4089662727822617
4089569588260620
4089895854876742
4089873143092021
4099783599761691
4101821217142310
4089287345783634
4089520364438019
4094068076485916
4090648866722026
4089544833425270
4093474447766386
4108065487877166
4093469255388917
4093475060265785
4089854361166177
4094207041385984
4089504832880573
4089677881341744
4089614572550553
4090578277265730
4089674341476972
4092484014021500
4089587599265665
4089896861323776
4091330042321139
4089518380465207
4089504732453375
4089973080580227
4089496280575372
4090772766330573
4089861386908093
4089656272889907
4101907284393994
4089607329343450
4089523568793581
4089631757260571
4089690682661565
4089514719018990
4090600393016034
4090743267643207
4101841510248784
4089546419954078
4089585115441083
4089924460948273
4089538629943718
4102570676987514
4094163869337443
4089599280489733
4089672173352264
4091067744176270
4094930253308312
4089922392144428
4093705306560888
4106584101367774
4090757403392784
4089789496372779
4091080838034882
4089607660431294
4089631013985525
4089709447306539
4090072167486315
4089886523353365
4089529780617652
4089696727053747
4105109308790735
4089513418422221
4089537229877017
4092697185143306
4094212586891436
4089851873592918
4089995171471787
4089850997474630
4089631874624381
4101264558328063
4089589855800194
4089586919314745
4091100182074382
4089861625432479
4089647196356911
4089501909551926
4090723874277640
4091536679773955
4089509065057786
4101828419699761
4089671288211900
4101724119366308
4089534499020015
4089952222062015
4089909705329242
4090615576908035
4098060093350352
4090696581980805
4090331177779814
4089516539678336
4090775157444319
4089840012360162
4093299117864807
4092557606247730
4089588182193801
4089663490470013
4090302127547492
4094392514623258
4089477813600220
4089805945970549
4089574407337440
4089565612132813
4094214624893962
4089540530490813
4089653394689424
4089586672199972
4090930577436456
4095043365170132
4089708025786816
4090213725240348
4090226874392205
4089519902618389
4093109090496366
4090421783598545
4089598236418763
4089499510027540
4089673804405774
4103974502357054
4093493247220076
4089306127725875
4089668729865587
4103576567333972
4089944013733701
4090035454752782
4089562383022373
4090774293835951
4089529306342109
4090062927080548
4093197985223603
4093815285572425
4089571228179924
4093595709300867
4089483210863876
4089561766062421
4092352198411531
4100036885706606
4103441334795927
4089533244926233
4089613704591645
4090672384574164
4089513594750849
4089949471266984
4093601505371355
4089594804240930
4095294641560169
4090678353315966
4089876397920213
4093554814559030
4091341946040837
4093331295749153
4089957075384565
4090749706680465
4090016239873531
4101828922958127
4089594011675968
4089538702434110
4090371434713782
4092818135777710
4089555483441472
4089963391905250
4089545818960711
4089546846704507
4089482548300067
4090029523224519
4090745906021404
4089592657760399
4089970311923876
4089480207704958
4090180447253173
4089583127790321
4096165655860221
4089857208681378
4089989606160947
4090282519231423
4091634347583004
4089692259380719
4089564575962094
4089849508386501
4091009216516860
4089465427312415
4092745129662602
4089836430490778
4101917741853622
4089904441396775
4089979162463383
4091482128216861
4089893606903012
4089633631548384
4091329799683721
4089486985542911
4089829694737192
4094178785087635
4089525137430868
4093882981758444
4089589146175145
4089566438543082
4089545135787120
4089538068644627
4090906853848986
4089563733199689
4089434556655200
4089534264893840
4092965259535616
4089722374952061
4091024085603221
4094186573534049
4091006372453574
4089836359474146
4089496008471863
4089640178669457
4091485840983409
4089634697365001
4089694981288672
4089926855823063
4093533209531122
4089592128646543
4089548990056700
4095744883516356
4089696550630284
4103440009898973
4093290225762165
4089868978152256
4103036660506471
4090929118205913
4089660671882409
4089641785737152
4101153211609032
4090591937431430
4089544867191880
4091333092284665
4090295333481686
4092370578848813
4099689286723855
4101508955469625
4089692859743281
4092492058707108
4089696143248667
4092259412686876
4093491171117456
4089699490791601
4091141043074984
4089472137626974
4089825021456297
4089883486353840
4089601481964362
4101284992726463
4089535488479713
4104588779105948
4089563355984732
4089657848804066
4089551133546345
4090979625669826
4090995395827157
4089624827342702
4092351989090516
4092219985530501
4101887432858712
4090265826395886
4094040057851250
4101828666483613
4089890658287224
4090316761792282
4089571542849251
4091019094242226
4089518505736693
4093111472823770
4089551192659835
4089540722943078
4090404268258549
4096831363047306
4092210976516227
4089607840295652
4089573942110667
4089833830409503
4093571126587109
4089566837537032
4089617320313123
4089972116642867
4106987899783170
4090272478966011
4091464345184891
4108107037101831
4089643684916371
4106534926996163
4089896308024350
4090714008516072
4089666829753578
4091272752869507
4091637167112986
4089866968601938
4089598000983702
4089581806512103
4093120314380348
4091008478161892
4101875085360511
4089490613922887
4089570616223645
4103334979650039
4089536881282023
4090475533196209
4089565838997960
4094617106606484
4089511706912880
4108129857519622
4089879618874079
4089870613786529
4089643819478876
4090040227112071
4089512521132909
4089520364101902
4089713302859693
4089536935994743
4089824090363272
4089852808585019
4089578702847463
4089551000119289
4089872920742119
4101788779596376
4099300969036713
4102730156456197
4101832777274869
4089520216983208
4101799256394715
4090009239980262
4089545248931802
4089926218298340
4090633389732292
4089958602088202
4089806121644281
4090299116182430
4093539178668831
4091462499026629
4089610634368139
4092318116628803
4090024964529911
4096382295916541
4101907498727646
4090022329885316
4089516941305384
4089857469400865
4089641286664337
4093440269005473
4090256041452048
4089586949324654
4101145188671208
4089561225745487
4092169378094081
4090352774580397
4089614311898652
4089658520548860
4090208070608635
4101824552759969
4090604479255138
4089811221960456
4090940362624291
4089621518280259
4089549917680143
4090202572548979
4090595569571983
4090023010177897
4089924430533883
4089520418336077
4089605366077437
4095820401482606
4089709624159940
4091678316642319
4097974353207176
4089613511771324
4090192212370221
4101879849812611
4089491704001091
4101880617533902
4090212001028772
4090917579329930
4090647318979829
4089687507713153
4089575033050552
4089668646071028
4091029738752628
4094186318272282
4089671203839791
4102390263221799
4093505700209531
4089548772243236
4090382104559644
4089863034669322
4089613251741277
4090931533284340
4090646489428125
4089858613369942
4102669192988815
4089542337721757
4089620440219508
4089492023474813
4098217421267171
4089505273212494
4089804708418806
4089524176411684
4089944907683438
4090421955579736
4089566321593240
4090931701425352
4089622650547529
4089496406583034
4089476190445338
4089553452558990
4089566635681839
4090362722748442
4101844173821662
4097160506788804
4090232946641563
4092575952531503
4093299562381487
4092212973510095
4089675276370978
4089529411998533
4094456375878193
4089479196843905
4089512424758165
4089680393505169
4090192317367010
4090416657862561
4089953984305300
4089511200365369
4089515746463130
4090182670001043
4089684717539383
4089622470946931
4098522850721718
4100460581444379
4090753568877251
4089491952065490
4090951339633304
4089342617774704
4089541294209388
4090575013272632
4089966848031440
4089850066515069
4089873994098783
4095637122776369
4092214570811150
4089879102897538
4090992166913520
4090950270155866
4089590346600897
4089870454783758
4089902397761320
4089552350095654
4089625767145956
4089638362575617
4091372682137213
4090012485941439
4089950086969452
4089560491387017
4095418096345381
4089889790158530
4093207514021504
4089918101968730
4090321212437649
4089553420284191
4089533039135760
4089973763985826
4090331073372074
4090019725262817
4091157833153912
4090691120163429
4090912764161176
4089874171093996
4089599460573816
4089629068162754
4090592139276001
4093657302765670
4091636289535506
4089829983378902
4089900465253480
4107147011194759
4090064567202425
4089628062012352
4101849378746059
4091466630937475
4094660462512218
4093480106356856
4089598080368117
4106403825959241
4089644976478470
4089507231964168
4096571249380777
4092231869193793
4089699188853050
4091169229062193
4097497171019824
4089906685379508
4089746194090620
4089511032603423
4089566120202764
4089675465681314
4089596083673707
4090240060814870
4090428465045276
4106649184499069
4089902830602585
4090528020293294
4103453272386192
4089509500600217
4090227356317459
4093685756749106
4089583518551950
4089928759691463
4089698773486220
4100198667824158
4089598248120690
4089604338603520
4089933729671244
4090026214235178
4089564547582814
4089688610499879
4107778257081711
4090666264991535
4089535673433965
4092838049810234
4099732702491091
4091641251814304
4089601293559044
4093856523656735
4093261478011910
4094001004913391
4089507475350836
4089623167265486
4089969154554053
4089294043838512
4093868381118930
4089487577128331
4089503289435840
4089524348704207
4093569004909039
4089706058358187
4090223916751546
4089909876304031
4101828235148089
4091850602759094
4089511321275325
4089362226826471
4089601591172068
4089532649420168
4089587019857334
4089661276097208
4092201795397890
4089670851676830
4090211270844676
4090958717364949
4090556117891477
4089562403294620
4089679899034455
4089524374726889
4089505722150123
4089501946623802
4089615117973770
4092281994607590
4090028579760465
4090967773036522
4089651260110161
4089590236836603
4089573275856868
4103882399177138
4089546150987707
4092203107939923
4089572600784196
4089605990625655
4096540484371808
4090616419207731
4093351730946999
4092171731052411
4089824867123892
4089843916822346
4089623209275529
4094032973745148
4089647803907457
4089987286235522
4096524390989452
4089691772991178
4092242639110776
4089591613172120
4093696075337326
4089524802157757
4089590953893090
4091641096098465
4089568259185090
4089623851004585
4089506652515859
4089886640150148
4090698733047386
4089664396759646
4097673520847915
4089633584794833
4089570641429040
4092517182587012
4089528703246397
4089537507018036
4089828276708680
4089540051756341
4102376409353168
4089494753942684
4089537381224885
4089654427486778
4089619366591119
4089640434792256
4089502316259305
4089833128886344
4089703814401357
4092191347447261
4089872362852720
4092771612551983
4089591709992693
4090168383674391
4089687431829601
4092979993884250
4089676484648098
4092230849589869
4090225981047837
4091040082404970
4089893011792112
4090268657545711
4089537414001991
4089999038855072
4092356523950286
4100720368017527
4089555999409268
4089902348219482
4089548579517803
4089842641870252
4093504944610104
4089500282558830
4089612575494792
4089690372397951
4089503683380511
4092850582536344
4089977581373825
4090785932020303
4089559370941574
4089834328866216
4089511615343329
4103452810092183
4089514538542109
4102876425567762
4099052201835126
4089522675068009
4089956803106014
4089633560803669
4089518120076862
4089563271632199
4090282003719915
4089335860871058
4090331827740935
4089622927251412
4090690386388581
4089497093966108
4103688773358206
4090703912465979
4089544192371002
4089834282183164
4092476094995686
4089543609770355
